0.847109735012054443 -0.016921440139412880 -0.531148493289947510 -0.339856207370758057 1.657656192779541016 0.167083054780960083 -0.940325140953063965 -0.793731331825256348 0.296431839466094971 21.780422210693359375 -0.504468381404876709 7.444962024688720703
0.847111582756042480 -0.016898084431886673 -0.531146347522735596 -0.339790016412734985 1.657656311988830566 0.167065232992172241 -0.940349519252777100 -0.793757855892181396 0.296364635229110718 21.780424118041992188 -0.504471182823181152 7.444962501525878906
0.847099661827087402 -0.016806429252028465 -0.531168222427368164 -0.339775651693344116 1.657656550407409668 0.167137652635574341 -0.940356314182281494 -0.793766558170318604 0.296302139759063721 21.780424118041992188 -0.504467189311981201 7.444962978363037109
0.847080707550048828 -0.016818549484014511 -0.531198084354400635 -0.339843988418579102 1.658767461776733398 0.167175173759460449 -0.940331459045410156 -0.793724954128265381 0.296360015869140625 21.779352188110351562 -0.504486620426177979 7.445145606994628906
0.847069740295410156 -0.016882689669728279 -0.531213521957397461 -0.340027749538421631 1.659745812416076660 0.167228445410728455 -0.940263867378234863 -0.793645799160003662 0.296544313430786133 21.777444839477539062 -0.504487335681915283 7.446083068847656250
0.847059547901153564 -0.017110401764512062 -0.531222522258758545 -0.340410053730010986 1.660643100738525391 0.167256772518157959 -0.940121412277221680 -0.793476998805999756 0.296979695558547974 21.772344589233398438 -0.504495084285736084 7.445785999298095703
0.847057759761810303 -0.017423244193196297 -0.531215131282806396 -0.340941339731216431 1.661662459373474121 0.167292132973670959 -0.939923107624053955 -0.793254435062408447 0.297586798667907715 21.760984420776367188 -0.504486322402954102 7.444238185882568359
0.847036302089691162 -0.017749916762113571 -0.531238555908203125 -0.341328978538513184 1.663422226905822754 0.167250439524650574 -0.939776301383972168 -0.793055951595306396 0.298073530197143555 21.742574691772460938 -0.504536211490631104 7.440202236175537109
0.847022831439971924 -0.017899187281727791 -0.531255066394805908 -0.341491997241973877 1.663530588150024414 0.167225897312164307 -0.939714252948760986 -0.792966187000274658 0.298282861709594727 21.715070724487304688 -0.504566967487335205 7.431624412536621094
0.847064733505249023 -0.017957974225282669 -0.531186282634735107 -0.341546356678009033 1.663260579109191895 0.167184457182884216 -0.939693331718444824 -0.792978763580322266 0.298371851444244385 21.680414199829101562 -0.504510402679443359 7.419745922088623047
0.847087025642395020 -0.018016671761870384 -0.531148672103881836 -0.341497063636779785 1.663114905357360840 0.167098388075828552 -0.939710140228271484 -0.793005764484405518 0.298367172479629517 21.636323928833007812 -0.504501402378082275 7.404467582702636719
0.847081840038299561 -0.017953440546989441 -0.531159102916717529 -0.341606885194778442 1.662843942642211914 0.167210951447486877 -0.939671456813812256 -0.792976617813110352 0.298426002264022827 21.582891464233398438 -0.504472851753234863 7.386463165283203125
0.847138404846191406 -0.017940586432814598 -0.531069338321685791 -0.341766625642776489 1.662301421165466309 0.167275220155715942 -0.939613580703735352 -0.792981743812561035 0.298572093248367310 21.520059585571289062 -0.504356563091278076 7.365486621856689453
0.847147405147552490 -0.017730506137013435 -0.531062066555023193 -0.341897755861282349 1.661499977111816406 0.167508915066719055 -0.939569890499114990 -0.792984127998352051 0.298578619956970215 21.449962615966796875 -0.504263877868652344 7.341161251068115234
0.847111225128173828 -0.017591537907719612 -0.531124353408813477 -0.341965019702911377 1.661110162734985352 0.167676687240600586 -0.939548015594482422 -0.792952001094818115 0.298553258180618286 21.370790481567382812 -0.504268825054168701 7.314389228820800781
0.847132623195648193 -0.017433697357773781 -0.531095445156097412 -0.342034906148910522 1.660305857658386230 0.167828664183616638 -0.939525485038757324 -0.792976856231689453 0.298538684844970703 21.284664154052734375 -0.504182398319244385 7.284304618835449219
0.847138404846191406 -0.017338639125227928 -0.531089305877685547 -0.342080235481262207 1.659629464149475098 0.167925894260406494 -0.939510762691497803 -0.792984068393707275 0.298530429601669312 21.190477371215820312 -0.504140257835388184 7.251763343811035156
0.847147107124328613 -0.017253709957003593 -0.531078279018402100 -0.342142134904861450 1.658897876739501953 0.168022289872169495 -0.939489781856536865 -0.792987048625946045 0.298542201519012451 21.089263916015625000 -0.504093587398529053 7.216680526733398438
0.847126960754394531 -0.017292344942688942 -0.531109154224395752 -0.342291504144668579 1.657851696014404297 0.168082803487777710 -0.939434647560119629 -0.792913854122161865 0.298681557178497314 20.980606079101562500 -0.504107236862182617 7.178804397583007812
0.847154557704925537 -0.017288081347942352 -0.531065285205841064 -0.342299640178680420 1.655788302421569824 0.168075069785118103 -0.939431786537170410 -0.792938172817230225 0.298694998025894165 20.865907669067382812 -0.504063427448272705 7.138893127441406250
0.847135186195373535 -0.017126653343439102 -0.531101346015930176 -0.342342197895050049 1.653548002243041992 0.168238088488578796 -0.939419209957122803 -0.792933762073516846 0.298642665147781372 20.744125366210937500 -0.504041552543640137 7.097441673278808594
0.847137451171875000 -0.017079226672649384 -0.531099319458007812 -0.342312425374984741 1.650482058525085449 0.168258860707283020 -0.939430952072143555 -0.792953372001647949 0.298594117164611816 20.616247177124023438 -0.504030883312225342 7.053460597991943359
0.847126185894012451 -0.016947295516729355 -0.531121492385864258 -0.342297852039337158 1.646448135375976562 0.168363049626350403 -0.939438641071319580 -0.792969763278961182 0.298511147499084473 20.482393264770507812 -0.504015028476715088 7.008885383605957031
0.847121775150299072 -0.016928616911172867 -0.531129121780395508 -0.342341631650924683 1.641671776771545410 0.168403983116149902 -0.939423024654388428 -0.792954862117767334 0.298537224531173706 20.342075347900390625 -0.504008769989013672 6.962497234344482422
0.847106039524078369 -0.016967972740530968 -0.531152963638305664 -0.342427909374237061 1.636240601539611816 0.168427586555480957 -0.939390897750854492 -0.792905807495117188 0.298625051975250244 20.196748733520507812 -0.504027307033538818 6.914543628692626953
0.847120404243469238 -0.016947552561759949 -0.531130731105804443 -0.342476636171340942 1.629713416099548340 0.168462023138999939 -0.939373493194580078 -0.792907416820526123 0.298660367727279663 20.048345565795898438 -0.503991663455963135 6.864815711975097656
0.847155392169952393 -0.017020141705870628 -0.531072497367858887 -0.342637151479721069 1.623278260231018066 0.168470293283462524 -0.939313650131225586 -0.792877256870269775 0.298843890428543091 19.893505096435546875 -0.503930032253265381 6.813066005706787109
0.847186386585235596 -0.017061859369277954 -0.531021833419799805 -0.342758387327194214 1.616927742958068848 0.168484494090080261 -0.939268648624420166 -0.792860925197601318 0.298977255821228027 19.734067916870117188 -0.503873229026794434 6.759521484375000000
0.847224891185760498 -0.017065832391381264 -0.530960202217102051 -0.342863380908966064 1.609834671020507812 0.168515950441360474 -0.939230263233184814 -0.792863368988037109 0.299080133438110352 19.570379257202148438 -0.503797948360443115 6.704491138458251953
0.847239315509796143 -0.017117792740464211 -0.530935525894165039 -0.342886328697204590 1.603209614753723145 0.168478518724441528 -0.939220905303955078 -0.792860865592956543 0.299130469560623169 19.402900695800781250 -0.503786206245422363 6.648070335388183594
0.847256898880004883 -0.017168041318655014 -0.530905842781066895 -0.343017160892486572 1.596368908882141113 0.168498530983924866 -0.939172208309173584 -0.792827367782592773 0.299272060394287109 19.230964660644531250 -0.503749966621398926 6.590014457702636719
0.847252905368804932 -0.017028400674462318 -0.530916690826416016 -0.342897951602935791 1.589574337005615234 0.168548673391342163 -0.939218282699584961 -0.792885363101959229 0.299099177122116089 19.056810379028320312 -0.503739833831787109 6.531188488006591797
0.847244560718536377 -0.016931824386119843 -0.530933082103729248 -0.342869251966476440 1.582725167274475098 0.168615326285362244 -0.939230561256408691 -0.792903006076812744 0.299023211002349854 18.878631591796875000 -0.503731548786163330 6.470725536346435547
0.847261548042297363 -0.016797197982668877 -0.530910253524780273 -0.342795103788375854 1.575927734375000000 0.168673843145370483 -0.939260005950927734 -0.792965650558471680 0.298897594213485718 18.697370529174804688 -0.503683447837829590 6.409494400024414062
0.847294569015502930 -0.016687845811247826 -0.530861020088195801 -0.342640906572341919 1.569419860839843750 0.168660163879394531 -0.939318239688873291 -0.793064653873443604 0.298722326755523682 18.512920379638671875 -0.503632485866546631 6.347587108612060547
0.847315132617950439 -0.016576964408159256 -0.530831694602966309 -0.342690765857696533 1.563145875930786133 0.168764144182205200 -0.939301967620849609 -0.793087184429168701 0.298714637756347656 18.324859619140625000 -0.503563046455383301 6.284866333007812500
0.847340464591979980 -0.016335854306817055 -0.530798673629760742 -0.342800110578536987 1.556168913841247559 0.169001579284667969 -0.939266324043273926 -0.793117582798004150 0.298692524433135986 18.135286331176757812 -0.503440737724304199 6.220519542694091797
0.847333669662475586 -0.016183599829673767 -0.530814170837402344 -0.342793017625808716 1.548583149909973145 0.169123545289039612 -0.939271569252014160 -0.793139398097991943 0.298607081174850464 17.943296432495117188 -0.503411173820495605 6.154792785644531250
0.847364366054534912 -0.015970608219504356 -0.530771672725677490 -0.342961937189102173 1.540764570236206055 0.169367372989654541 -0.939213514328002930 -0.793151199817657471 0.298651397228240967 17.748481750488281250 -0.503277540206909180 6.087415218353271484
0.847382247447967529 -0.015692124143242836 -0.530751407146453857 -0.342903465032577515 1.532656192779541016 0.169548958539962769 -0.939239561557769775 -0.793234348297119141 0.298466384410858154 17.552425384521484375 -0.503186285495758057 6.019269943237304688
0.847445726394653320 -0.015498105436563492 -0.530655801296234131 -0.342855036258697510 1.525181174278259277 0.169642701745033264 -0.939260482788085938 -0.793343126773834229 0.298347294330596924 17.353473663330078125 -0.503047823905944824 5.951708316802978516
0.847443461418151855 -0.015370855107903481 -0.530663073062896729 -0.342881172895431519 1.517701864242553711 0.169759854674339294 -0.939253032207489014 -0.793354451656341553 0.298304140567779541 17.153055191040039062 -0.503012120723724365 5.882981300354003906
0.847396135330200195 -0.015293996781110764 -0.530740916728973389 -0.342923820018768311 1.510875105857849121 0.169870823621749878 -0.939238727092742920 -0.793309211730957031 0.298286020755767822 16.951156616210937500 -0.503054380416870117 5.814402103424072266
0.847383856773376465 -0.015217089094221592 -0.530762672424316406 -0.342967242002487183 1.503307104110717773 0.169962540268898010 -0.939224123954772949 -0.793296992778778076 0.298279792070388794 16.748834609985351562 -0.503044068813323975 5.745673656463623047
0.847378492355346680 -0.015192589722573757 -0.530771970748901367 -0.343015938997268677 1.495974659919738770 0.170011267066001892 -0.939206719398498535 -0.793280661106109619 0.298306763172149658 16.546384811401367188 -0.503036677837371826 5.676259040832519531
0.847330689430236816 -0.014975817874073982 -0.530854463577270508 -0.342977344989776611 1.489217638969421387 0.170190975069999695 -0.939224302768707275 -0.793284773826599121 0.298148930072784424 16.343767166137695312 -0.503056406974792480 5.606933593750000000
0.847362458705902100 -0.014906970784068108 -0.530805706977844238 -0.343052804470062256 1.481988787651062012 0.170268639922142029 -0.939197838306427002 -0.793302774429321289 0.298187911510467529 16.140043258666992188 -0.502976596355438232 5.537405967712402344
0.847357749938964844 -0.014751628041267395 -0.530817568302154541 -0.342950016260147095 1.475102901458740234 0.170340567827224731 -0.939237833023071289 -0.793357610702514648 0.298020809888839722 15.938213348388671875 -0.502960205078125000 5.468044757843017578
0.847337365150451660 -0.014726477675139904 -0.530850708484649658 -0.342937767505645752 1.468423128128051758 0.170365557074546814 -0.939242660999298096 -0.793346524238586426 0.297991216182708740 15.736159324645996094 -0.502986013889312744 5.398414134979248047
0.847329318523406982 -0.014537018723785877 -0.530868828296661377 -0.342777401208877563 1.461221218109130859 0.170435845851898193 -0.939304172992706299 -0.793422341346740723 0.297757118940353394 15.535365104675292969 -0.502975821495056152 5.329211711883544922
0.847273647785186768 -0.014460959471762180 -0.530959725379943848 -0.342444300651550293 1.455008864402770996 0.170349523425102234 -0.939426839351654053 -0.793488204479217529 0.297419339418411255 15.336004257202148438 -0.503098785877227783 5.262042045593261719
0.847229242324829102 -0.014408729970455170 -0.531032025814056396 -0.342287272214889526 1.448934555053710938 0.170332118868827820 -0.939484894275665283 -0.793504774570465088 0.297245949506759644 15.138752937316894531 -0.503179490566253662 5.195130825042724609
0.847183227539062500 -0.014308703131973743 -0.531108200550079346 -0.342324614524841309 1.442635774612426758 0.170457929372787476 -0.939472794532775879 -0.793466508388519287 0.297212004661560059 14.943676948547363281 -0.503214418888092041 5.129224300384521484
0.847169935703277588 -0.014448435045778751 -0.531125545501708984 -0.342325657606124878 1.436407923698425293 0.170354098081588745 -0.939470291137695312 -0.793429613113403320 0.297279506921768188 14.751338958740234375 -0.503271877765655518 5.063325405120849609
0.847129046916961670 -0.014546622522175312 -0.531188070774078369 -0.342213004827499390 1.429454326629638672 0.170238047838211060 -0.939509809017181396 -0.793409645557403564 0.297221064567565918 14.562093734741210938 -0.503380000591278076 4.996365547180175781
0.847136855125427246 -0.014522864483296871 -0.531176328659057617 -0.342133462429046631 1.422219514846801758 0.170210078358650208 -0.939539134502410889 -0.793446242809295654 0.297144323587417603 14.372976303100585938 -0.503376305103302002 4.930637359619140625
0.847130060195922852 -0.014407295733690262 -0.531190216541290283 -0.341999292373657227 1.415815949440002441 0.170234456658363342 -0.939589738845825195 -0.793502151966094971 0.296970218420028687 14.184823989868164062 -0.503379464149475098 4.865626335144042969
0.847094595432281494 -0.014219963923096657 -0.531251847743988037 -0.341875135898590088 1.408896446228027344 0.170337691903114319 -0.939637780189514160 -0.793539941310882568 0.296758979558944702 13.998391151428222656 -0.503404200077056885 4.800699710845947266
0.847084164619445801 -0.014065074734389782 -0.531272590160369873 -0.341671764850616455 1.402311444282531738 0.170358523726463318 -0.939714074134826660 -0.793620824813842773 0.296505331993103027 13.814017295837402344 -0.503414750099182129 4.737780094146728516
0.847037792205810547 -0.014047216624021530 -0.531347036361694336 -0.341452866792678833 1.396605730056762695 0.170281410217285156 -0.939793944358825684 -0.793648958206176758 0.296296536922454834 13.631802558898925781 -0.503518879413604736 4.675404071807861328
0.847014009952545166 -0.013956352137029171 -0.531387329101562500 -0.341277748346328735 1.390742301940917969 0.170273542404174805 -0.939858913421630859 -0.793697237968444824 0.296094894409179688 13.452439308166503906 -0.503561496734619141 4.613992214202880859
0.847024798393249512 -0.013796702958643436 -0.531374335289001465 -0.341063678264617920 1.384659290313720703 0.170280620455741882 -0.939938962459564209 -0.793802261352539062 0.295836597681045532 13.275567054748535156 -0.503540992736816406 4.552776813507080078
0.847014009952545166 -0.013588420115411282 -0.531396865844726562 -0.340840071439743042 1.379233598709106445 0.170333519577980042 -0.940023064613342285 -0.793898165225982666 0.295538634061813354 13.101152420043945312 -0.503541231155395508 4.493052959442138672
0.846968352794647217 -0.013539749197661877 -0.531470894813537598 -0.340622752904891968 1.374716758728027344 0.170281440019607544 -0.940102577209472656 -0.793931543827056885 0.295315772294998169 12.928981781005859375 -0.503635644912719727 4.433951854705810547
0.846953928470611572 -0.013471524231135845 -0.531495571136474609 -0.340492427349090576 1.370150327682495117 0.170274227857589722 -0.940150737762451172 -0.793970525264739990 0.295166492462158203 12.759149551391601562 -0.503662288188934326 4.375549793243408203
0.846965849399566650 -0.013397414237260818 -0.531478464603424072 -0.340271741151809692 1.365737199783325195 0.170208707451820374 -0.940231680870056152 -0.794063806533813477 0.294946342706680298 12.593119621276855469 -0.503664433956146240 4.318474769592285156
0.846932232379913330 -0.013302556239068508 -0.531534433364868164 -0.340046375989913940 1.361272931098937988 0.170182541012763977 -0.940314590930938721 -0.794118881225585938 0.294697105884552002 12.429153442382812500 -0.503729820251464844 4.261880874633789062
0.846898198127746582 -0.013159913010895252 -0.531592130661010742 -0.339917302131652832 1.357170820236206055 0.170246407389640808 -0.940363228321075439 -0.794151544570922852 0.294504880905151367 12.267703056335449219 -0.503765404224395752 4.206932067871093750
0.846877455711364746 -0.013068580068647861 -0.531627535820007324 -0.339817553758621216 1.352884888648986816 0.170277580618858337 -0.940400540828704834 -0.794178724288940430 0.294367641210556030 12.108670234680175781 -0.503789782524108887 4.152591705322265625
0.846855998039245605 -0.013048835098743439 -0.531662106513977051 -0.339613199234008789 1.348595023155212402 0.170195758342742920 -0.940474689006805420 -0.794225811958312988 0.294178187847137451 11.952039718627929688 -0.503853440284729004 4.098010540008544922
0.846835315227508545 -0.012993852607905865 -0.531696379184722900 -0.339503914117813110 1.345452666282653809 0.170192644000053406 -0.940514862537384033 -0.794249773025512695 0.294051378965377808 11.795887947082519531 -0.503889262676239014 4.045606136322021484
0.846844196319580078 -0.013068865984678268 -0.531680524349212646 -0.339516550302505493 1.342505097389221191 0.170134499669075012 -0.940509259700775146 -0.794241368770599365 0.294102936983108521 11.639617919921875000 -0.503894031047821045 3.992978572845458984
0.846802294254302979 -0.013151815161108971 -0.531745195388793945 -0.339525431394577026 1.339663386344909668 0.170096039772033691 -0.940504908561706543 -0.794184625148773193 0.294139146804809570 11.483484268188476562 -0.503977417945861816 3.940406322479248047
0.846801578998565674 -0.013163248077034950 -0.531745970249176025 -0.339328795671463013 1.335866332054138184 0.169981896877288818 -0.940575718879699707 -0.794243514537811279 0.293978661298751831 11.328316688537597656 -0.504017055034637451 3.886391162872314453
0.846781432628631592 -0.013019246049225330 -0.531781673431396484 -0.338991403579711914 1.332303881645202637 0.169927507638931274 -0.940699398517608643 -0.794354438781738281 0.293614208698272705 11.172718048095703125 -0.504069328308105469 3.833035707473754883
0.846752882003784180 -0.012930284254252911 -0.531829237937927246 -0.338576167821884155 1.329573273658752441 0.169791966676712036 -0.940850138664245605 -0.794472098350524902 0.293209314346313477 11.018564224243164062 -0.504162907600402832 3.782291650772094727
0.846723794937133789 -0.012810287065804005 -0.531878471374511719 -0.338389962911605835 1.326640129089355469 0.169804275035858154 -0.940918743610382080 -0.794523060321807861 0.292981863021850586 10.865540504455566406 -0.504207611083984375 3.731499195098876953
0.846716284751892090 -0.012672581709921360 -0.531893730163574219 -0.338124454021453857 1.322968244552612305 0.169776350259780884 -0.941016077995300293 -0.794622123241424561 0.292685359716415405 10.716052055358886719 -0.504229605197906494 3.681583404541015625
0.846695601940155029 -0.012482019141316414 -0.531931161880493164 -0.337854236364364624 1.319880366325378418 0.169795498251914978 -0.941115677356719971 -0.794719099998474121 0.292353868484497070 10.568276405334472656 -0.504257917404174805 3.633558988571166992
0.846683979034423828 -0.012398922815918922 -0.531951546669006348 -0.337640941143035889 1.316435098648071289 0.169754102826118469 -0.941193342208862305 -0.794788539409637451 0.292127847671508789 10.424183845520019531 -0.504291355609893799 3.586561918258666992
0.846666157245635986 -0.012340864166617393 -0.531981348991394043 -0.337368309497833252 1.313313245773315430 0.169664323329925537 -0.941291809082031250 -0.794866085052490234 0.291862457990646362 10.282694816589355469 -0.504351556301116943 3.540841341018676758
0.846635401248931885 -0.012267041951417923 -0.532032012939453125 -0.337130337953567505 1.310205698013305664 0.169612765312194824 -0.941378057003021240 -0.794923305511474609 0.291614204645156860 10.143592834472656250 -0.504420518875122070 3.495399713516235352
0.846591532230377197 -0.012220866978168488 -0.532102823257446289 -0.336939543485641479 1.307115674018859863 0.169571518898010254 -0.941446959972381592 -0.794948697090148926 0.291415661573410034 10.006920814514160156 -0.504507958889007568 3.450477123260498047
0.846521556377410889 -0.012147806584835052 -0.532215893268585205 -0.336720198392868042 1.304512023925781250 0.169550791382789612 -0.941526412963867188 -0.794962704181671143 0.291171073913574219 9.873340606689453125 -0.504632353782653809 3.406788110733032227
0.846529483795166016 -0.012064401060342789 -0.532205104827880859 -0.336509317159652710 1.301552891731262207 0.169500187039375305 -0.941602826118469238 -0.795049667358398438 0.290953189134597778 9.742708206176757812 -0.504636049270629883 3.364343881607055664
0.846517205238342285 -0.011920236982405186 -0.532227873802185059 -0.336491614580154419 1.298971772193908691 0.169612810015678406 -0.941610991954803467 -0.795068085193634033 0.290861129760742188 9.613857269287109375 -0.504618763923645020 3.322179794311523438
0.846497595310211182 -0.011780966073274612 -0.532262146472930908 -0.336373955011367798 1.296477198600769043 0.169671952724456787 -0.941654801368713379 -0.795109629631042480 0.290684789419174194 9.487445831298828125 -0.504631757736206055 3.280585289001464844
0.846484959125518799 -0.011785259470343590 -0.532282173633575439 -0.336303859949111938 1.294983744621276855 0.169637873768806458 -0.941679775714874268 -0.795118570327758789 0.290623754262924194 9.362421989440917969 -0.504664480686187744 3.240817070007324219
0.846459209918975830 -0.011943317949771881 -0.532319664955139160 -0.336364269256591797 1.293055295944213867 0.169557794928550720 -0.941656231880187988 -0.795048475265502930 0.290746837854385376 9.238055229187011719 -0.504734575748443604 3.200557947158813477
0.846463441848754883 -0.011995309963822365 -0.532311737537384033 -0.336350113153457642 1.290580749511718750 0.169506266713142395 -0.941660583019256592 -0.795047998428344727 0.290762662887573242 9.114126205444335938 -0.504744768142700195 3.160238981246948242
0.846473634243011475 -0.011992568150162697 -0.532295525074005127 -0.336399942636489868 1.288151144981384277 0.169529587030410767 -0.941642820835113525 -0.795042753219604492 0.290806591510772705 8.988780975341796875 -0.504719793796539307 3.120277404785156250
0.846461653709411621 -0.011983078904449940 -0.532314777374267578 -0.336432188749313354 1.285693883895874023 0.169560998678207397 -0.941631436347961426 -0.795023083686828613 0.290825158357620239 8.863218307495117188 -0.504729330539703369 3.079727888107299805
0.846460819244384766 -0.011956888251006603 -0.532316684722900391 -0.336535781621932983 1.283063054084777832 0.169637948274612427 -0.941594779491424561 -0.794994771480560303 0.290899068117141724 8.735755920410156250 -0.504704892635345459 3.038698434829711914
0.846400141716003418 -0.011925722472369671 -0.532413899898529053 -0.336731851100921631 1.280937552452087402 0.169801160693168640 -0.941525042057037354 -0.794881939888000488 0.291029423475265503 8.605268478393554688 -0.504751741886138916 2.996413230895996094
0.846411168575286865 -0.011894327588379383 -0.532397031784057617 -0.336777746677398682 1.278392195701599121 0.169844865798950195 -0.941509068012237549 -0.794883608818054199 0.291055738925933838 8.473555564880371094 -0.504718542098999023 2.953794240951538086
0.846421241760253906 -0.011895791627466679 -0.532381057739257812 -0.336768597364425659 1.275802254676818848 0.169833317399024963 -0.941512286663055420 -0.794895708560943604 0.291051983833312988 8.339683532714843750 -0.504705607891082764 2.910370826721191406
0.846427381038665771 -0.011800020933151245 -0.532373428344726562 -0.336902499198913574 1.273050665855407715 0.169978380203247070 -0.941465616226196289 -0.794876515865325928 0.291118353605270386 8.202135086059570312 -0.504646480083465576 2.866117238998413086
0.846432030200958252 -0.011700012721121311 -0.532368183135986328 -0.336858034133911133 1.269378542900085449 0.170032039284706116 -0.941482722759246826 -0.794911801815032959 0.291031509637832642 8.063790321350097656 -0.504620552062988281 2.820857286453247070
0.846413969993591309 -0.011670972220599651 -0.532397568225860596 -0.336641371250152588 1.266258358955383301 0.169949024915695190 -0.941560626029968262 -0.794966578483581543 0.290828049182891846 7.925224781036376953 -0.504678845405578613 2.776226282119750977
0.846431076526641846 -0.011616614647209644 -0.532371580600738525 -0.336543351411819458 1.262977242469787598 0.169930651783943176 -0.941596329212188721 -0.795022368431091309 0.290723145008087158 7.786293029785156250 -0.504656314849853516 2.731554746627807617
0.846433937549591064 -0.011444081552326679 -0.532370746135711670 -0.336450934410095215 1.259730696678161621 0.170017644762992859 -0.941631436347961426 -0.795083105564117432 0.290558427572250366 7.647823810577392578 -0.504622220993041992 2.686217308044433594
0.846430718898773193 -0.011248498223721981 -0.532380104064941406 -0.336312532424926758 1.256865501403808594 0.170101791620254517 -0.941683232784271240 -0.795156240463256836 0.290341228246688843 7.510462284088134766 -0.504599332809448242 2.641698598861694336
0.846401751041412354 -0.011067451909184456 -0.532429873943328857 -0.336226224899291992 1.254172682762145996 0.170216187834739685 -0.941716194152832031 -0.795186400413513184 0.290167212486267090 7.374357223510742188 -0.504609227180480957 2.596632003784179688
0.846386551856994629 -0.010844333097338676 -0.532458603382110596 -0.336083203554153442 1.251820921897888184 0.170326381921768188 -0.941769897937774658 -0.795254290103912354 0.289928317070007324 7.241774082183837891 -0.504597544670104980 2.553074359893798828
0.846343278884887695 -0.010745955631136894 -0.532529354095458984 -0.336037039756774902 1.249824881553649902 0.170403927564620972 -0.941787481307983398 -0.795244395732879639 0.289825588464736938 7.111553192138671875 -0.504643917083740234 2.509356975555419922
0.846343636512756348 -0.010907482355833054 -0.532525539398193359 -0.336122483015060425 1.248053669929504395 0.170320272445678711 -0.941755115985870361 -0.795190691947937012 0.289979845285415649 6.982831954956054688 -0.504671573638916016 2.466930627822875977
0.846323370933532715 -0.011030634865164757 -0.532555282115936279 -0.336130887269973755 1.245817780494689941 0.170237287878990173 -0.941750705242156982 -0.795147776603698730 0.290042966604232788 6.856011867523193359 -0.504733681678771973 2.424246072769165039
0.846312105655670166 -0.010933537967503071 -0.532575130462646484 -0.336290299892425537 1.243960142135620117 0.170406535267829895 -0.941694915294647217 -0.795104682445526123 0.290124654769897461 6.729740619659423828 -0.504695355892181396 2.381682157516479492
0.846316754817962646 -0.010806398466229439 -0.532570302486419678 -0.336376339197158813 1.241880178451538086 0.170551836490631104 -0.941665649414062500 -0.795104384422302246 0.290134280920028687 6.604053974151611328 -0.504638493061065674 2.338300704956054688
0.846288979053497314 -0.010642415843904018 -0.532617747783660889 -0.336283445358276367 1.239927887916564941 0.170648366212844849 -0.941700696945190430 -0.795134842395782471 0.289963692426681519 6.479138851165771484 -0.504652440547943115 2.295690774917602539
0.846258282661437988 -0.010436519980430603 -0.532670676708221436 -0.336238950490951538 1.238426804542541504 0.170805990695953369 -0.941718876361846924 -0.795154750347137451 0.289811789989471436 6.354107379913330078 -0.504650652408599854 2.254341363906860352
0.846273362636566162 -0.010306092910468578 -0.532649219036102295 -0.336322516202926636 1.236531972885131836 0.170946881175041199 -0.941690444946289062 -0.795165777206420898 0.289820998907089233 6.229339599609375000 -0.504577636718750000 2.212848901748657227
0.846282839775085449 -0.010177165269851685 -0.532636582851409912 -0.336395144462585449 1.234045386314392090 0.171083733439445496 -0.941665947437286377 -0.795174598693847656 0.289819985628128052 6.105777740478515625 -0.504515290260314941 2.170342922210693359
0.846243560314178467 -0.010034802369773388 -0.532701730728149414 -0.336536020040512085 1.232468366622924805 0.171294450759887695 -0.941617131233215332 -0.795118510723114014 0.289854109287261963 5.982283115386962891 -0.504509687423706055 2.128118038177490234
0.846243679523468018 -0.009909948334097862 -0.532703876495361328 -0.336586534976959229 1.230100989341735840 0.171421304345130920 -0.941600382328033447 -0.795124590396881104 0.289833456277847290 5.858480930328369141 -0.504466414451599121 2.085323572158813477
0.846259534358978271 -0.009745867922902107 -0.532681763172149658 -0.336653709411621094 1.227185964584350586 0.171579882502555847 -0.941578090190887451 -0.795147240161895752 0.289812088012695312 5.734728813171386719 -0.504385948181152344 2.041414976119995117
0.846235156059265137 -0.009533550590276718 -0.532724320888519287 -0.336682528257369995 1.224060297012329102 0.171778351068496704 -0.941569983959197998 -0.795151948928833008 0.289720922708511353 5.610520839691162109 -0.504359245300292969 1.997385621070861816
0.846231341361999512 -0.009426012635231018 -0.532732248306274414 -0.336736738681793213 1.221875071525573730 0.171895414590835571 -0.941551625728607178 -0.795150220394134521 0.289710968732833862 5.485939979553222656 -0.504325747489929199 1.954035520553588867
0.846248686313629150 -0.009418099187314510 -0.532704889774322510 -0.336810469627380371 1.221251964569091797 0.171931818127632141 -0.941525340080261230 -0.795145332813262939 0.289774835109710693 5.358971595764160156 -0.504284262657165527 1.913408160209655762
0.846220135688781738 -0.009520888328552246 -0.532748401165008545 -0.336822271347045898 1.219258427619934082 0.171871498227119446 -0.941520094871520996 -0.795096874237060547 0.289827674627304077 5.229497432708740234 -0.504352748394012451 1.868981719017028809
0.846215069293975830 -0.009580996818840504 -0.532755374908447266 -0.336829334497451782 1.217008471488952637 0.171829983592033386 -0.941516995429992676 -0.795079529285430908 0.289862483739852905 5.095055103302001953 -0.504375398159027100 1.821605920791625977
0.846239447593688965 -0.009532403200864792 -0.532717525959014893 -0.336783528327941895 1.215432167053222656 0.171831041574478149 -0.941533863544464111 -0.795125126838684082 0.289807021617889404 4.955326080322265625 -0.504334151744842529 1.774686694145202637
0.846209704875946045 -0.009494629688560963 -0.532765448093414307 -0.336666077375411987 1.212709307670593262 0.171814501285552979 -0.941576242446899414 -0.795139610767364502 0.289679110050201416 4.811199665069580078 -0.504389643669128418 1.722995281219482422
0.846205413341522217 -0.009448798373341560 -0.532773077487945557 -0.336433321237564087 1.210665464401245117 0.171728789806365967 -0.941659867763519287 -0.795215070247650146 0.289457917213439941 4.662054061889648438 -0.504426062107086182 1.671846628189086914
0.846170544624328613 -0.009348926134407520 -0.532830178737640381 -0.336352765560150146 1.209976315498352051 0.171784400939941406 -0.941689670085906982 -0.795224070549011230 0.289328038692474365 4.510227680206298828 -0.504465579986572266 1.621425509452819824
0.846147954463958740 -0.009221293032169342 -0.532868325710296631 -0.336054384708404541 1.208497643470764160 0.171738892793655396 -0.941797435283660889 -0.795316278934478760 0.289004027843475342 4.358696460723876953 -0.504518985748291016 1.570036411285400391
0.846128106117248535 -0.008988874033093452 -0.532903730869293213 -0.335644900798797607 1.207926034927368164 0.171716108918190002 -0.941945672035217285 -0.795463204383850098 0.288534015417098999 4.207772731781005859 -0.504559993743896484 1.519346833229064941
0.846074044704437256 -0.008853657171130180 -0.532991826534271240 -0.335362792015075684 1.207935214042663574 0.171702370047569275 -0.942047476768493652 -0.795521736145019531 0.288209795951843262 4.057874679565429688 -0.504655301570892334 1.469820976257324219
0.846016764640808105 -0.008569618687033653 -0.533087432384490967 -0.335284650325775146 1.208323955535888672 0.171918556094169617 -0.942077875137329102 -0.795540392398834229 0.287981301546096802 3.911464452743530273 -0.504677772521972656 1.420464038848876953
0.845975041389465332 -0.008384044282138348 -0.533156633377075195 -0.335330128669738770 1.207806348800659180 0.172113806009292603 -0.942063391208648682 -0.795519113540649414 0.287912189960479736 3.767317771911621094 -0.504681169986724854 1.371574640274047852
0.845957994461059570 -0.008592838421463966 -0.533180296421051025 -0.335491001605987549 1.208025217056274414 0.172042280435562134 -0.942004203796386719 -0.795417666435241699 0.288148403167724609 3.624114751815795898 -0.504734098911285400 1.322147369384765625
0.845940530300140381 -0.008696022443473339 -0.533206403255462646 -0.335635960102081299 1.206433176994323730 0.172046944499015808 -0.941951632499694824 -0.795338928699493408 0.288317471742630005 3.481204509735107422 -0.504761815071105957 1.270856618881225586
0.845911324024200439 -0.008571112528443336 -0.533254742622375488 -0.335669636726379395 1.206225275993347168 0.172180607914924622 -0.941940784454345703 -0.795322597026824951 0.288273125886917114 3.337142944335937500 -0.504765212535858154 1.220075249671936035
0.845894694328308105 -0.008501703850924969 -0.533282160758972168 -0.335789203643798828 1.205712676048278809 0.172309130430221558 -0.941898763179779053 -0.795282304286956787 0.288333535194396973 3.191372632980346680 -0.504749119281768799 1.169908404350280762
0.845888018608093262 -0.008574189618229866 -0.533291637897491455 -0.335936546325683594 1.205113172531127930 0.172333791851997375 -0.941845595836639404 -0.795218288898468018 0.288492530584335327 3.042298316955566406 -0.504751980304718018 1.119084119796752930
0.845886051654815674 -0.008628121577203274 -0.533293902873992920 -0.336033374071121216 1.204098939895629883 0.172343671321868896 -0.941810548305511475 -0.795177400112152100 0.288601011037826538 2.890367507934570312 -0.504751920700073242 1.066667556762695312
0.845896840095520020 -0.008781475946307182 -0.533274292945861816 -0.336084306240081787 1.203004360198974609 0.172242566943168640 -0.941790997982025146 -0.795145452022552490 0.288725256919860840 2.734501600265502930 -0.504768311977386475 1.013511896133422852
0.845905482769012451 -0.008882630616426468 -0.533258914947509766 -0.336082875728607178 1.200720310211181641 0.172156274318695068 -0.941790521144866943 -0.795136570930480957 0.288778126239776611 2.574524402618408203 -0.504783272743225098 0.957517623901367188
0.845933377742767334 -0.008778600022196770 -0.533216297626495361 -0.336076259613037109 1.198798656463623047 0.172220751643180847 -0.941793859004974365 -0.795183002948760986 0.288728833198547363 2.410643577575683594 -0.504714488983154297 0.900017857551574707
0.845977246761322021 -0.008752164430916309 -0.533147096633911133 -0.336091488599777222 1.197385668754577637 0.172226265072822571 -0.941788673400878906 -0.795224487781524658 0.288742452859878540 2.241221904754638672 -0.504639029502868652 0.841054439544677734
0.846059978008270264 -0.008644501678645611 -0.533017635345458984 -0.335956394672393799 1.195600628852844238 0.172195166349411011 -0.941837847232818604 -0.795362770557403564 0.288600504398345947 2.069224834442138672 -0.504510998725891113 0.780645072460174561
0.846118927001953125 -0.008556402288377285 -0.532925486564636230 -0.335696578025817871 1.194908857345581055 0.172094523906707764 -0.941931307315826416 -0.795513391494750977 0.288355469703674316 1.891192078590393066 -0.504446446895599365 0.720269978046417236
0.846145093441009521 -0.008508431725203991 -0.532884657382965088 -0.335442990064620972 1.193639755249023438 0.171982914209365845 -0.942022085189819336 -0.795624077320098877 0.288125455379486084 1.713044881820678711 -0.504440605640411377 0.660641551017761230
0.846196353435516357 -0.008272064849734306 -0.532806992530822754 -0.335408776998519897 1.191223382949829102 0.172125861048698425 -0.942036390304565430 -0.795723915100097656 0.287993341684341431 1.534027576446533203 -0.504305839538574219 0.599097967147827148
0.846186637878417969 -0.008173394948244095 -0.532823979854583740 -0.335344076156616211 1.189315438270568848 0.172175362706184387 -0.942060291767120361 -0.795751571655273438 0.287885546684265137 1.354855418205261230 -0.504305303096771240 0.538957774639129639
0.846189975738525391 -0.007991045713424683 -0.532821476459503174 -0.335440427064895630 1.187957644462585449 0.172370925545692444 -0.942027509212493896 -0.795756816864013672 0.287875652313232422 1.174800753593444824 -0.504232883453369141 0.479224771261215210
0.846202313899993896 -0.007988812401890755 -0.532801866531372070 -0.335548430681228638 1.184675693511962891 0.172423839569091797 -0.941989064216613770 -0.795735895633697510 0.287969768047332764 0.994331598281860352 -0.504194080829620361 0.416412591934204102
0.846221923828125000 -0.007744608446955681 -0.532774269580841064 -0.335468977689743042 1.182120084762573242 0.172565922141075134 -0.942019402980804443 -0.795821070671081543 0.287785351276397705 0.814394652843475342 -0.504112541675567627 0.354641944169998169
0.846204221248626709 -0.007472137920558453 -0.532806277275085449 -0.335614323616027832 1.179522871971130371 0.172871053218841553 -0.941969871520996094 -0.795807182788848877 0.287764519453048706 0.630589306354522705 -0.504037678241729736 0.291863203048706055
0.846227586269378662 -0.007113312371075153 -0.532774150371551514 -0.335612088441848755 1.177269816398620605 0.173144012689590454 -0.941973447799682617 -0.795892238616943359 0.287588626146316528 0.447339892387390137 -0.503904759883880615 0.229398354887962341
0.846251547336578369 -0.006908956449478865 -0.532738745212554932 -0.335814803838729858 1.174646615982055664 0.173402786254882812 -0.941902697086334229 -0.795888602733612061 0.287664353847503662 0.261976987123489380 -0.503775537014007568 0.165020540356636047
0.846270978450775146 -0.006609312724322081 -0.532711684703826904 -0.335787594318389893 1.172389030456542969 0.173617169260978699 -0.941914558410644531 -0.795967459678649902 0.287496209144592285 0.076166421175003052 -0.503669023513793945 0.100313045084476471
0.846238672733306885 -0.006250359117984772 -0.532767295837402344 -0.335825234651565552 1.170566439628601074 0.173941493034362793 -0.941903591156005859 -0.795988082885742188 0.287336051464080811 -0.111187741160392761 -0.503611385822296143 0.035235147923231125
0.846258103847503662 -0.006087447516620159 -0.532738327980041504 -0.335925370454788208 1.168650865554809570 0.174114689230918884 -0.941868960857391357 -0.796004295349121094 0.287344723939895630 -0.301284700632095337 -0.503518879413604736 -0.030064752325415611
0.846290647983551025 -0.005909354891628027 -0.532688677310943604 -0.335971772670745850 1.166962623596191406 0.174264192581176758 -0.941853523254394531 -0.796052038669586182 0.287304610013961792 -0.491986334323883057 -0.503412485122680664 -0.095455035567283630
0.846328377723693848 -0.005641844589263201 -0.532631635665893555 -0.336163878440856934 1.165149092674255371 0.174560174345970154 -0.941786587238311768 -0.796075880527496338 0.287344276905059814 -0.684632897377014160 -0.503246486186981201 -0.161435440182685852
0.846309304237365723 -0.005436901934444904 -0.532664060592651367 -0.336183428764343262 1.163885235786437988 0.174744561314582825 -0.941780865192413330 -0.796087801456451416 0.287251085042953491 -0.877516031265258789 -0.503214538097381592 -0.227022364735603333
0.846302568912506104 -0.005267585627734661 -0.532676458358764648 -0.336292028427124023 1.162624120712280273 0.174941435456275940 -0.941743016242980957 -0.796078026294708252 0.287255227565765381 -1.073148012161254883 -0.503157496452331543 -0.293600469827651978
0.846323728561401367 -0.004931205417960882 -0.532646119594573975 -0.336413681507110596 1.161520838737487793 0.175263598561286926 -0.941701412200927734 -0.796119928359985352 0.287195295095443726 -1.269417643547058105 -0.503009796142578125 -0.359473645687103271
0.846315801143646240 -0.004764982964843512 -0.532660186290740967 -0.336512982845306396 1.160235285758972168 0.175453618168830872 -0.941666781902313232 -0.796111404895782471 0.287192821502685547 -1.467123866081237793 -0.502956867218017578 -0.426151484251022339
0.846298575401306152 -0.004614145960658789 -0.532688856124877930 -0.336593061685562134 1.158698320388793945 0.175626069307327271 -0.941638886928558350 -0.796097278594970703 0.287178814411163330 -1.665086984634399414 -0.502925634384155273 -0.493163675069808960
0.846333622932434082 -0.004289876669645309 -0.532635927200317383 -0.336526215076446533 1.158272624015808105 0.175830319523811340 -0.941664338111877441 -0.796207845211029053 0.286970376968383789 -1.862142086029052734 -0.502795338630676270 -0.557810246944427490
0.846337139606475830 -0.004165677819401026 -0.532631278038024902 -0.336623013019561768 1.157135009765625000 0.175979226827621460 -0.941630303859710693 -0.796203613281250000 0.286990791559219360 -2.061318635940551758 -0.502737283706665039 -0.623637735843658447
0.846307933330535889 -0.004197121597826481 -0.532677412033081055 -0.336491525173187256 1.155237674713134766 0.175899639725685120 -0.941677153110504150 -0.796210587024688721 0.286885827779769897 -2.258714437484741211 -0.502814233303070068 -0.690884053707122803
0.846259474754333496 -0.004068068694323301 -0.532755434513092041 -0.336172729730606079 1.152812719345092773 0.175858512520790100 -0.941791534423828125 -0.796284615993499756 0.286535233259201050 -2.454999208450317383 -0.502910196781158447 -0.755886673927307129
0.846201956272125244 -0.004044211935251951 -0.532846987247467041 -0.336183220148086548 1.151048660278320312 0.175914078950881958 -0.941787898540496826 -0.796231329441070557 0.286513090133666992 -2.653442382812500000 -0.502987563610076904 -0.820270955562591553
0.846162199974060059 -0.004122508689761162 -0.532909512519836426 -0.336178719997406006 1.148571252822875977 0.175870582461357117 -0.941789209842681885 -0.796181380748748779 0.286535620689392090 -2.849437475204467773 -0.503069698810577393 -0.885820567607879639
0.846107363700866699 -0.003957641776651144 -0.532997846603393555 -0.336169093847274780 1.146388649940490723 0.176026463508605957 -0.941793322563171387 -0.796161592006683350 0.286426246166229248 -2.979138374328613281 -0.503107368946075439 -0.929928779602050781
0.846098661422729492 -0.003678584005683661 -0.533013641834259033 -0.336106151342391968 1.142622709274291992 0.176220178604125977 -0.941816926002502441 -0.796221792697906494 0.286229491233825684 -3.173142194747924805 -0.503054201602935791 -0.996932804584503174
0.846036136150360107 -0.003358810674399137 -0.533114969730377197 -0.336108654737472534 1.140255451202392578 0.176510214805603027 -0.941817224025726318 -0.796218514442443848 0.286049753427505493 -3.367585182189941406 -0.503057658672332764 -1.062047719955444336
0.846034169197082520 -0.003112196922302246 -0.533119618892669678 -0.336193919181823730 1.136977791786193848 0.176753535866737366 -0.941787660121917725 -0.796234428882598877 0.285996884107589722 -3.561457872390747070 -0.502975523471832275 -1.127746224403381348
0.846009433269500732 -0.002930897055193782 -0.533159852027893066 -0.336179435253143311 1.133857846260070801 0.176903665065765381 -0.941793382167816162 -0.796247601509094238 0.285885095596313477 -3.755208969116210938 -0.502964317798614502 -1.193403482437133789
0.845977783203125000 -0.002668375382199883 -0.533211529254913330 -0.336206167936325073 1.131732940673828125 0.177144289016723633 -0.941784620285034180 -0.796256184577941895 0.285764962434768677 -3.949311733245849609 -0.502932906150817871 -1.257822871208190918
0.846019506454467773 -0.002532349899411201 -0.533145904541015625 -0.336273461580276489 1.129563212394714355 0.177266314625740051 -0.941760957241058350 -0.796299278736114502 0.285767227411270142 -4.144312858581542969 -0.502819716930389404 -1.321663856506347656
0.846025407314300537 -0.002489090198650956 -0.533136785030364990 -0.336130976676940918 1.126185536384582520 0.177221596240997314 -0.941811978816986084 -0.796355724334716797 0.285626918077468872 -4.336503028869628906 -0.502825558185577393 -1.386787056922912598
0.845992624759674072 -0.002234846819192171 -0.533189892768859863 -0.336042225360870361 1.123231649398803711 0.177394494414329529 -0.941844284534454346 -0.796396851539611816 0.285412997007369995 -4.529726028442382812 -0.502819716930389404 -1.451540827751159668
0.845994412899017334 -0.002063305117189884 -0.533187747001647949 -0.336148768663406372 1.120528817176818848 0.177587181329727173 -0.941806614398956299 -0.796396791934967041 0.285417318344116211 -4.723891735076904297 -0.502748668193817139 -1.515650153160095215
0.845922112464904785 -0.001803254592232406 -0.533303380012512207 -0.336047410964965820 1.118714094161987305 0.177779093384742737 -0.941843330860137939 -0.796405553817749023 0.285176634788513184 -4.915628433227539062 -0.502802491188049316 -1.580039143562316895
0.845912992954254150 -0.001606072532013059 -0.533318519592285156 -0.336070656776428223 1.116643667221069336 0.177953585982322693 -0.941835403442382812 -0.796424984931945801 0.285093992948532104 -5.108033657073974609 -0.502756178379058838 -1.644349217414855957
0.845939695835113525 -0.001514293486252427 -0.533276438713073730 -0.335921764373779297 1.114386796951293945 0.177933007478713989 -0.941888689994812012 -0.796511590480804443 0.284930825233459473 -5.299981117248535156 -0.502718508243560791 -1.708627223968505859
0.845872759819030762 -0.001386694144457579 -0.533382952213287354 -0.335652917623519897 1.113248467445373535 0.177926957607269287 -0.941984713077545166 -0.796552479267120361 0.284616917371749878 -5.491134166717529297 -0.502833247184753418 -1.772216558456420898
0.845862984657287598 -0.001065978198312223 -0.533399224281311035 -0.335466980934143066 1.111771464347839355 0.178088605403900146 -0.942051351070404053 -0.796656548976898193 0.284295082092285156 -5.679847717285156250 -0.502792477607727051 -1.834536790847778320
0.845819413661956787 -0.000920481514185667 -0.533468484878540039 -0.335244238376617432 1.110743880271911621 0.178108885884284973 -0.942130804061889648 -0.796708583831787109 0.284018963575363159 -5.867434501647949219 -0.502858579158782959 -1.896781921386718750
0.845763802528381348 -0.000781125039793551 -0.533556878566741943 -0.335010915994644165 1.110206127166748047 0.178125023841857910 -0.942213892936706543 -0.796751320362091064 0.283732980489730835 -6.053868293762207031 -0.502946317195892334 -1.957559943199157715
0.845727026462554932 -0.000546190829481930 -0.533615469932556152 -0.334749460220336914 1.110089182853698730 0.178192257881164551 -0.942306995391845703 -0.796837210655212402 0.283381372690200806 -6.237065792083740234 -0.502984404563903809 -2.016933441162109375
0.845664799213409424 -0.000288056500721723 -0.533714294433593750 -0.334591597318649292 1.109313011169433594 0.178346782922744751 -0.942363202571868896 -0.796872019767761230 0.283097237348556519 -6.417651653289794922 -0.503034234046936035 -2.076730728149414062
0.845601022243499756 -0.000128151688841172 -0.533815443515777588 -0.334330290555953979 1.108711481094360352 0.178368553519248962 -0.942455947399139404 -0.796918869018554688 0.282774507999420166 -6.594790458679199219 -0.503133773803710938 -2.135145902633666992
0.845588803291320801 0.000061469698266592 -0.533834755420684814 -0.334086030721664429 1.106985569000244141 0.178395733237266541 -0.942542552947998047 -0.797014415264129639 0.282468497753143311 -6.769112586975097656 -0.503144621849060059 -2.191805601119995117
0.845576405525207520 0.000289554271148518 -0.533854365348815918 -0.333954840898513794 1.104747772216796875 0.178514033555984497 -0.942589044570922852 -0.797082722187042236 0.282238632440567017 -6.940508842468261719 -0.503123521804809570 -2.248607158660888672
0.845519959926605225 0.000496872176881880 -0.533943653106689453 -0.333667427301406860 1.104177713394165039 0.178555682301521301 -0.942690730094909668 -0.797152519226074219 0.281872421503067017 -7.108217716217041016 -0.503203630447387695 -2.304294109344482422
0.845477342605590820 0.000514163402840495 -0.534011006355285645 -0.333414077758789062 1.103207707405090332 0.178456664085388184 -0.942780375480651855 -0.797191202640533447 0.281635254621505737 -7.272557735443115234 -0.503310263156890869 -2.358821153640747070
0.845424056053161621 0.000791502185165882 -0.534095048904418945 -0.333068013191223145 1.102553486824035645 0.178521052002906799 -0.942902445793151855 -0.797293722629547119 0.281185299158096313 -7.434591770172119141 -0.503377020359039307 -2.413493156433105469
0.845377445220947266 0.001136755337938666 -0.534168183803558350 -0.332894593477249146 1.103144407272338867 0.178728118538856506 -0.942963361740112305 -0.797363102436065674 0.280849367380142212 -7.595491409301757812 -0.503381788730621338 -2.466159105300903320
0.845354974269866943 0.001479208120144904 -0.534202933311462402 -0.332759827375411987 1.103357076644897461 0.178940862417221069 -0.943010449409484863 -0.797443270683288574 0.280555605888366699 -7.754341602325439453 -0.503343939781188965 -2.518400907516479492
0.845323026180267334 0.001775990822352469 -0.534252583980560303 -0.332408159971237183 1.103008151054382324 0.179006397724151611 -0.943133950233459473 -0.797570765018463135 0.280098289251327515 -7.909879207611083984 -0.503374278545379639 -2.570167303085327148
0.845281183719635010 0.001867967192083597 -0.534318506717681885 -0.332071602344512939 1.103203654289245605 0.178921967744827271 -0.943252325057983398 -0.797647655010223389 0.279753416776657104 -8.063633918762207031 -0.503474593162536621 -2.620084285736083984
0.845227956771850586 0.002057324396446347 -0.534402012825012207 -0.331780403852462769 1.103599429130554199 0.178945273160934448 -0.943354427814483643 -0.797717630863189697 0.279394090175628662 -8.214065551757812500 -0.503555655479431152 -2.669199943542480469
0.845214724540710449 0.002304949099197984 -0.534421861171722412 -0.331689566373825073 1.103442072868347168 0.179100990295410156 -0.943385779857635498 -0.797776401042938232 0.279188334941864014 -8.364236831665039062 -0.503522455692291260 -2.718464136123657227
0.845181703567504883 0.002571834949776530 -0.534472823143005371 -0.331354171037673950 1.102675557136535645 0.179151862859725952 -0.943502962589263916 -0.797892212867736816 0.278759419918060303 -8.511249542236328125 -0.503559768199920654 -2.767650127410888672
0.845143496990203857 0.002952954731881618 -0.534531354904174805 -0.330475389957427979 1.099988460540771484 0.179006457328796387 -0.943809986114501953 -0.798183441162109375 0.277811795473098755 -8.649541854858398438 -0.503675639629364014 -2.816965103149414062
0.845043182373046875 0.003047676989808679 -0.534689426422119141 -0.330088168382644653 1.104759335517883301 0.178927361965179443 -0.943945169448852539 -0.798219740390777588 0.277403116226196289 -8.775782585144042969 -0.503872036933898926 -2.851811408996582031
0.845015466213226318 0.003017464652657509 -0.534733355045318604 -0.330003291368484497 1.107202053070068359 0.178872346878051758 -0.943974971771240234 -0.798213183879852295 0.277337253093719482 -8.888794898986816406 -0.503938078880310059 -2.886177062988281250
0.845024764537811279 0.002883946988731623 -0.534719407558441162 -0.329803138971328735 1.107520818710327148 0.178654268383979797 -0.944045305252075195 -0.798256874084472656 0.277238309383392334 -8.988850593566894531 -0.503999829292297363 -2.920318841934204102
0.845004141330718994 0.002855915110558271 -0.534752070903778076 -0.329580754041671753 1.109112143516540527 0.178523868322372437 -0.944123089313507080 -0.798297762870788574 0.277057498693466187 -9.072932243347167969 -0.504080533981323242 -2.949603319168090820
0.845019221305847168 0.002856281353160739 -0.534728288650512695 -0.329426586627960205 1.110962748527526855 0.178434059023857117 -0.944176852703094482 -0.798357248306274414 0.276931971311569214 -9.142315864562988281 -0.504087090492248535 -2.972422599792480469
0.844947695732116699 0.002703998237848282 -0.534842073917388916 -0.329404711723327637 1.112446904182434082 0.178338021039962769 -0.944184958934783936 -0.798269152641296387 0.276966303586959839 -9.198820114135742188 -0.504240930080413818 -2.990114450454711914
0.844883441925048828 0.002568953903391957 -0.534944295883178711 -0.329335510730743408 1.113201022148132324 0.178226709365844727 -0.944209456443786621 -0.798204779624938965 0.276954352855682373 -9.247202873229980469 -0.504387974739074707 -3.003942966461181641
0.844861865043640137 0.002489752834662795 -0.534978747367858887 -0.329306721687316895 1.112735867500305176 0.178159356117248535 -0.944219708442687988 -0.798178791999816895 0.276962727308273315 -9.291589736938476562 -0.504447937011718750 -3.015999794006347656
0.844846904277801514 0.002390048699453473 -0.535002768039703369 -0.329279303550720215 1.111123561859130859 0.178072974085807800 -0.944229543209075928 -0.798155009746551514 0.276984840631484985 -9.333715438842773438 -0.504503428936004639 -3.028939485549926758
0.844817698001861572 0.002463070210069418 -0.535048604011535645 -0.329270243644714355 1.109429240226745605 0.178141474723815918 -0.944232523441314697 -0.798143088817596436 0.276930630207061768 -9.375928878784179688 -0.504528224468231201 -3.041162490844726562
0.844772279262542725 0.002727584447711706 -0.535119056701660156 -0.329348832368850708 1.108363389968872070 0.178417772054672241 -0.944204390048980713 -0.798124313354492188 0.276848673820495605 -9.417632102966308594 -0.504506647586822510 -3.053398132324218750
0.844744026660919189 0.003004371421411633 -0.535162150859832764 -0.329262375831604004 1.107071995735168457 0.178606763482093811 -0.944233715534210205 -0.798172354698181152 0.276626765727996826 -9.457783699035644531 -0.504487037658691406 -3.065189599990844727
0.844689667224884033 0.003152867313474417 -0.535247087478637695 -0.329368561506271362 1.105882048606872559 0.178809925913810730 -0.944196164608001709 -0.798116505146026611 0.276623576879501343 -9.500087738037109375 -0.504506111145019531 -3.077422142028808594
0.844685256481170654 0.003134512109681964 -0.535254120826721191 -0.329291909933090210 1.104528546333312988 0.178756609559059143 -0.944222986698150635 -0.798131525516510010 0.276566565036773682 -9.542439460754394531 -0.504532337188720703 -3.090108871459960938
0.844676136970520020 0.003207325702533126 -0.535268068313598633 -0.329448670148849487 1.103227019309997559 0.178903087973594666 -0.944168031215667725 -0.798090040683746338 0.276659369468688965 -9.588522911071777344 -0.504495680332183838 -3.103841304779052734
0.844639301300048828 0.003236412769183517 -0.535326063632965088 -0.329610437154769897 1.102504730224609375 0.179031744599342346 -0.944111466407775879 -0.798013091087341309 0.276769131422042847 -9.636859893798828125 -0.504511713981628418 -3.118880271911621094
0.844614982604980469 0.003074822248890996 -0.535365343093872070 -0.329727381467819214 1.101926684379577637 0.178978100419044495 -0.944071173667907715 -0.797927021980285645 0.276941210031509399 -9.688726425170898438 -0.504571437835693359 -3.135706424713134766
0.844619989395141602 0.002979269251227379 -0.535358071327209473 -0.329871207475662231 1.101485252380371094 0.178976282477378845 -0.944021224975585938 -0.797872424125671387 0.277112573385238647 -9.744426727294921875 -0.504563808441162109 -3.153748512268066406
0.844581484794616699 0.002862432971596718 -0.535419404506683350 -0.330120921134948730 1.101567029953002930 0.179036632180213928 -0.943934321403503418 -0.797741889953613281 0.277369618415832520 -9.806479454040527344 -0.504606783390045166 -3.173811435699462891
0.844598054885864258 0.002619181293994188 -0.535394430160522461 -0.330391019582748413 1.101464390754699707 0.178978666663169861 -0.943840503692626953 -0.797634661197662354 0.277725994586944580 -9.873326301574707031 -0.504599571228027344 -3.195618391036987305
0.844598591327667236 0.002324955305084586 -0.535394966602325439 -0.330633223056793213 1.101142168045043945 0.178873553872108459 -0.943756461143493652 -0.797511279582977295 0.278079122304916382 -9.947080612182617188 -0.504635930061340332 -3.219736576080322266
0.844538629055023193 0.002204848686233163 -0.535490095615386963 -0.330785036087036133 1.101552367210388184 0.178890243172645569 -0.943703532218933105 -0.797388494014739990 0.278247892856597900 -10.027756690979003906 -0.504730463027954102 -3.247378110885620117
0.844552934169769287 0.002235157415270805 -0.535467386245727539 -0.330880641937255859 1.101660013198852539 0.178958073258399963 -0.943669974803924561 -0.797379255294799805 0.278318196535110474 -10.116681098937988281 -0.504682421684265137 -3.277227878570556641
0.844539105892181396 0.002113176276907325 -0.535489678382873535 -0.330943226814270020 1.102990865707397461 0.178901582956314087 -0.943648278713226318 -0.797325968742370605 0.278427928686141968 -10.213074684143066406 -0.504725575447082520 -3.310798645019531250
0.844560503959655762 0.002052637515589595 -0.535456240177154541 -0.330987483263015747 1.103954792022705078 0.178865924477577209 -0.943632900714874268 -0.797322213649749756 0.278502970933914185 -10.315769195556640625 -0.504702448844909668 -3.347436189651489258
0.844620823860168457 0.002047567162662745 -0.535361051559448242 -0.330917626619338989 1.104560494422912598 0.178793147206306458 -0.943657398223876953 -0.797398805618286133 0.278466671705245972 -10.426450729370117188 -0.504627287387847900 -3.384433031082153320
0.844610452651977539 0.001999986590817571 -0.535377621650695801 -0.330916553735733032 1.105238556861877441 0.178760066628456116 -0.943657875061035156 -0.797380864620208740 0.278486281633377075 -10.543050765991210938 -0.504656314849853516 -3.424882173538208008
0.844598591327667236 0.001905429409816861 -0.535396695137023926 -0.330897092819213867 1.106285572052001953 0.178680509328842163 -0.943664908409118652 -0.797358512878417969 0.278513550758361816 -10.666149139404296875 -0.504704356193542480 -3.466711997985839844
0.844591259956359863 0.001858568401075900 -0.535408377647399902 -0.330848217010498047 1.106706261634826660 0.178620859980583191 -0.943682134151458740 -0.797357678413391113 0.278493434190750122 -10.795022964477539062 -0.504737734794616699 -3.510491371154785156
0.844577074050903320 0.001850559143349528 -0.535430788993835449 -0.330868393182754517 1.107191443443298340 0.178632631897926331 -0.943675100803375244 -0.797336935997009277 0.278509765863418579 -10.930024147033691406 -0.504757285118103027 -3.556128263473510742
0.844573736190795898 0.001783497398719192 -0.535436332225799561 -0.330707669258117676 1.107577323913574219 0.178495004773139954 -0.943731546401977539 -0.797369241714477539 0.278406679630279541 -11.068712234497070312 -0.504811584949493408 -3.601793527603149414
0.844614684581756592 0.001691335346549749 -0.535372018814086914 -0.330744624137878418 1.107681989669799805 0.178420051932334900 -0.943718791007995605 -0.797380506992340088 0.278498023748397827 -11.213475227355957031 -0.504769563674926758 -3.650209665298461914
0.844667971134185791 0.001551346038468182 -0.535288333892822266 -0.330808222293853760 1.107322335243225098 0.178314805030822754 -0.943696737289428711 -0.797387003898620605 0.278640121221542358 -11.362936973571777344 -0.504717588424682617 -3.700984477996826172
0.844723939895629883 0.001406812341883779 -0.535200476646423340 -0.330816715955734253 1.106149077415466309 0.178175061941146851 -0.943693995475769043 -0.797411501407623291 0.278738796710968018 -11.516812324523925781 -0.504673302173614502 -3.753273963928222656
0.844689190387725830 0.001326465629972517 -0.535255432128906250 -0.330793172121047974 1.104459881782531738 0.178116530179977417 -0.943702340126037598 -0.797371447086334229 0.278747886419296265 -11.674308776855468750 -0.504752039909362793 -3.808301210403442383
0.844721019268035889 0.001333724358119071 -0.535205185413360596 -0.330721378326416016 1.103170275688171387 0.178067341446876526 -0.943727493286132812 -0.797423958778381348 0.278694152832031250 -11.835811614990234375 -0.504716157913208008 -3.864258766174316406
0.844749808311462402 0.001249381690286100 -0.535160005092620850 -0.330632865428924561 1.102863430976867676 0.177937820553779602 -0.943758606910705566 -0.797462224960327148 0.278671473264694214 -12.002169609069824219 -0.504713714122772217 -3.920499563217163086
0.844771623611450195 0.001211463590152562 -0.535125613212585449 -0.330657243728637695 1.103134512901306152 0.177909269928932190 -0.943750143051147461 -0.797468900680541992 0.278718471527099609 -12.172374725341796875 -0.504687190055847168 -3.978688240051269531
0.844823479652404785 0.001143583212979138 -0.535043895244598389 -0.330514699220657349 1.102933764457702637 0.177751943469047546 -0.943800151348114014 -0.797547817230224609 0.278649479150772095 -12.344509124755859375 -0.504655838012695312 -4.037180423736572266
0.844831645488739014 0.001147441100329161 -0.535031020641326904 -0.330422878265380859 1.103154659271240234 0.177701666951179504 -0.943832278251647949 -0.797583281993865967 0.278572618961334229 -12.521258354187011719 -0.504659950733184814 -4.096960544586181641
0.844781100749969482 0.001136689214035869 -0.535110831260681152 -0.330352097749710083 1.103453159332275391 0.177681565284729004 -0.943857073783874512 -0.797554552555084229 0.278501480817794800 -12.701328277587890625 -0.504751622676849365 -4.157790660858154297
0.844774663448333740 0.001086508622393012 -0.535121142864227295 -0.330176979303359985 1.103563547134399414 0.177551269531250000 -0.943918406963348389 -0.797591269016265869 0.278376668691635132 -12.883225440979003906 -0.504808247089385986 -4.219969749450683594
0.844821274280548096 0.001117832027375698 -0.535047471523284912 -0.330046087503433228 1.104004502296447754 0.177481979131698608 -0.943964183330535889 -0.797679364681243896 0.278265714645385742 -13.069196701049804688 -0.504754543304443359 -4.282350063323974609
0.844851076602935791 0.001133016776293516 -0.535000383853912354 -0.329841196537017822 1.104515075683593750 0.177369058132171631 -0.944035768508911133 -0.797770559787750244 0.278094798326492310 -13.256881713867187500 -0.504744410514831543 -4.347658157348632812
0.844877958297729492 0.001173059805296361 -0.534957766532897949 -0.329722046852111816 1.105510711669921875 0.177323281764984131 -0.944077312946319580 -0.797838151454925537 0.277982831001281738 -13.449734687805175781 -0.504715442657470703 -4.413656234741210938
0.844908833503723145 0.001076311338692904 -0.534909188747406006 -0.329567968845367432 1.106162428855895996 0.177147731184959412 -0.944131255149841309 -0.797895491123199463 0.277911663055419922 -13.643794059753417969 -0.504725396633148193 -4.481573581695556641
0.844896316528320312 0.001093220780603588 -0.534928977489471436 -0.329357564449310303 1.107742905616760254 0.177055224776268005 -0.944204628467559814 -0.797948598861694336 0.277721166610717773 -13.841410636901855469 -0.504778802394866943 -4.550356864929199219
0.844908714294433594 0.001102261710911989 -0.534909427165985107 -0.329197615385055542 1.108382105827331543 0.176970511674880981 -0.944260418415069580 -0.798008918762207031 0.277585506439208984 -14.041183471679687500 -0.504787802696228027 -4.620778560638427734
0.844947338104248047 0.001042657415382564 -0.534848451614379883 -0.329012513160705566 1.108798623085021973 0.176803976297378540 -0.944324970245361328 -0.798089265823364258 0.277471929788589478 -14.242704391479492188 -0.504781484603881836 -4.692708492279052734
0.844945251941680908 0.001037370762787759 -0.534851789474487305 -0.328823536634445190 1.108812212944030762 0.176699817180633545 -0.944390833377838135 -0.798141837120056152 0.277314186096191406 -14.446407318115234375 -0.504821419715881348 -4.764365196228027344
0.844915688037872314 0.000890864175744355 -0.534898757934570312 -0.328772783279418945 1.109602332115173340 0.176571175456047058 -0.944408655166625977 -0.798102974891662598 0.277335464954376221 -14.654484748840332031 -0.504915952682495117 -4.836231708526611328
0.844892442226409912 0.000878642254974693 -0.534935534000396729 -0.328618735074996948 1.110400199890136719 0.176491111516952515 -0.944462239742279053 -0.798124074935913086 0.277203768491744995 -14.863063812255859375 -0.504982888698577881 -4.908672809600830078
0.844918668270111084 0.000878799357451499 -0.534894108772277832 -0.328494727611541748 1.109819769859313965 0.176411330699920654 -0.944505393505096436 -0.798185288906097412 0.277107566595077515 -15.074306488037109375 -0.504966855049133301 -4.981798171997070312
0.844913542270660400 0.000942180107813329 -0.534902095794677734 -0.328404873609542847 1.109769940376281738 0.176416516304016113 -0.944536566734313965 -0.798217952251434326 0.276997923851013184 -15.288411140441894531 -0.504973649978637695 -5.055045127868652344
0.844975948333740234 0.001052954816259444 -0.534803271293640137 -0.328208535909652710 1.109614491462707520 0.176367625594139099 -0.944604694843292236 -0.798353970050811768 0.276796698570251465 -15.503764152526855469 -0.504886209964752197 -5.127788066864013672
0.844983875751495361 0.001104924362152815 -0.534790694713592529 -0.328063875436782837 1.108891963958740234 0.176327690482139587 -0.944654881954193115 -0.798412978649139404 0.276650816202163696 -15.721531867980957031 -0.504886925220489502 -5.202133655548095703
0.845028758049011230 0.001178857521153986 -0.534719586372375488 -0.327902048826217651 1.108081221580505371 0.176276966929435730 -0.944710969924926758 -0.798515737056732178 0.276491522789001465 -15.940842628479003906 -0.504829525947570801 -5.276793956756591797
0.845041036605834961 0.001237818971276283 -0.534700036048889160 -0.327688664197921753 1.108782529830932617 0.176203653216362000 -0.944784939289093018 -0.798600196838378906 0.276285469532012939 -16.163150787353515625 -0.504834532737731934 -5.350997447967529297
0.845093846321105957 0.001274381298571825 -0.534616470336914062 -0.327471196651458740 1.109702229499816895 0.176089376211166382 -0.944860279560089111 -0.798720002174377441 0.276100605726242065 -16.386556625366210938 -0.504786074161529541 -5.424550056457519531
0.845158696174621582 0.001313348067924380 -0.534513831138610840 -0.327288895845413208 1.109605550765991211 0.175989612936973572 -0.944923400878906250 -0.798841357231140137 0.275948196649551392 -16.609342575073242188 -0.504712224006652832 -5.501149654388427734
0.845208466053009033 0.001322450465522707 -0.534435093402862549 -0.327022910118103027 1.109518885612487793 0.175829127430915833 -0.945015490055084229 -0.798967599868774414 0.275735139846801758 -16.834636688232421875 -0.504684805870056152 -5.576212406158447266
0.845194637775421143 0.001469705952331424 -0.534456610679626465 -0.326687961816787720 1.109941124916076660 0.175774961709976196 -0.945131123065948486 -0.799078047275543213 0.275373101234436035 -17.058679580688476562 -0.504726886749267578 -5.652541160583496094
0.845223009586334229 0.001506323926150799 -0.534411609172821045 -0.326484888792037964 1.110756874084472656 0.175681129097938538 -0.945201218128204346 -0.799170434474945068 0.275192290544509888 -17.285652160644531250 -0.504711985588073730 -5.727701663970947266
0.845264673233032227 0.001630836166441441 -0.534345328807830811 -0.326288342475891113 1.110729455947875977 0.175654172897338867 -0.945268869400024414 -0.799288868904113770 0.274976998567581177 -17.511762619018554688 -0.504651606082916260 -5.804222583770751953
0.845340192317962646 0.001587910344824195 -0.534226000308990479 -0.326081514358520508 1.110810995101928711 0.175470620393753052 -0.945340335369110107 -0.799412846565246582 0.274848580360412598 -17.741003036499023438 -0.504588901996612549 -5.880585193634033203
0.845355093479156494 0.001678776228800416 -0.534202158451080322 -0.325844138860702515 1.111442804336547852 0.175408855080604553 -0.945421993732452393 -0.799511790275573730 0.274606913328170776 -17.970426559448242188 -0.504585504531860352 -5.956977844238281250
0.845397830009460449 0.001695271697826684 -0.534134447574615479 -0.325688779354095459 1.111961722373962402 0.175317138433456421 -0.945475518703460693 -0.799600183963775635 0.274481266736984253 -18.200986862182617188 -0.504545748233795166 -6.033392906188964844
0.845456600189208984 0.001691085402853787 -0.534041464328765869 -0.325509071350097656 1.112924456596374512 0.175187721848487854 -0.945537388324737549 -0.799707114696502686 0.274350643157958984 -18.432342529296875000 -0.504492223262786865 -6.109208106994628906
0.845494329929351807 0.001785244327038527 -0.533981382846832275 -0.325248539447784424 1.113262414932250977 0.175104573369026184 -0.945626854896545410 -0.799834787845611572 0.274095237255096436 -18.662296295166015625 -0.504457831382751465 -6.186684131622314453
0.845479428768157959 0.001872970722615719 -0.534004688262939453 -0.325058519840240479 1.114231228828430176 0.175080925226211548 -0.945692062377929688 -0.799891114234924316 0.273885399103164673 -18.895145416259765625 -0.504490971565246582 -6.263848781585693359
0.845585823059082031 0.001924677868373692 -0.533836007118225098 -0.324794948101043701 1.114423990249633789 0.174927130341529846 -0.945782482624053955 -0.800076961517333984 0.273671269416809082 -19.127946853637695312 -0.504366040229797363 -6.341275215148925781
0.845584332942962646 0.002041240921244025 -0.533837974071502686 -0.324483305215835571 1.115554809570312500 0.174854874610900879 -0.945889234542846680 -0.800186038017272949 0.273348391056060791 -19.361104965209960938 -0.504393577575683594 -6.418832302093505859
0.845607459545135498 0.002086766064167023 -0.533801138401031494 -0.324232369661331177 1.116002202033996582 0.174745604395866394 -0.945975184440612793 -0.800288319587707520 0.273120760917663574 -19.595668792724609375 -0.504392683506011963 -6.496661663055419922
0.845633864402770996 0.002103263279423118 -0.533759236335754395 -0.323881834745407104 1.115746498107910156 0.174558416008949280 -0.946095168590545654 -0.800417304039001465 0.272824555635452271 -19.831386566162109375 -0.504413247108459473 -6.574392318725585938
0.845623850822448730 0.002260295208543539 -0.533774495124816895 -0.323401421308517456 1.115445017814636230 0.174432963132858276 -0.946259200572967529 -0.800573587417602539 0.272335678339004517 -20.066202163696289062 -0.504473447799682617 -6.651026248931884766
0.845628798007965088 0.002429699292406440 -0.533765912055969238 -0.322995662689208984 1.114578008651733398 0.174349591135978699 -0.946397304534912109 -0.800724446773529053 0.271908670663833618 -20.300497055053710938 -0.504493951797485352 -6.725058078765869141
0.845612108707427979 0.002604473149403930 -0.533791482448577881 -0.322638094425201416 1.112309098243713379 0.174307227134704590 -0.946518838405609131 -0.800841808319091797 0.271512627601623535 -20.531587600708007812 -0.504536509513854980 -6.799108505249023438
0.845596790313720703 0.002676953095942736 -0.533815383911132812 -0.322383761405944824 1.109926223754882812 0.174237415194511414 -0.946605265140533447 -0.800912857055664062 0.271255940198898315 -20.761240005493164062 -0.504586338996887207 -6.870516777038574219
0.845526814460754395 0.002685531741008162 -0.533926188945770264 -0.322185456752777100 1.109095573425292969 0.174174115061759949 -0.946672737598419189 -0.800904989242553711 0.271060973405838013 -20.988666534423828125 -0.504725456237792969 -6.941138744354248047
0.845493495464324951 0.002688681008294225 -0.533978939056396484 -0.322068661451339722 1.108960151672363281 0.174131274223327637 -0.946712493896484375 -0.800907433032989502 0.270949721336364746 -21.214729309082031250 -0.504796028137207031 -7.008219242095947266
0.845470309257507324 0.002699919976294041 -0.534015536308288574 -0.321874707937240601 1.106377601623535156 0.174048587679862976 -0.946778416633605957 -0.800942957401275635 0.270772427320480347 -21.435998916625976562 -0.504863321781158447 -7.077205657958984375
0.845414996147155762 0.002949062967672944 -0.534101843833923340 -0.321337431669235229 1.103774785995483398 0.173989370465278625 -0.946960151195526123 -0.801087439060211182 0.270174264907836914 -21.652986526489257812 -0.504976451396942139 -7.146298885345458984
0.845438659191131592 0.003655513748526573 -0.534060060977935791 -0.319992542266845703 1.098769187927246094 0.173825547099113464 -0.947413027286529541 -0.801614999771118164 0.268688052892684937 -21.861089706420898438 -0.504993259906768799 -7.213871955871582031
0.845346808433532715 0.003821889404207468 -0.534204244613647461 -0.319739311933517456 1.103463053703308105 0.173869833350181580 -0.947497844696044922 -0.801628768444061279 0.268360048532485962 -22.059917449951171875 -0.505131721496582031 -7.265420436859130859
0.845287859439849854 0.003778972662985325 -0.534297823905944824 -0.319687366485595703 1.109854340553283691 0.173837408423423767 -0.947515547275543213 -0.801580309867858887 0.268318533897399902 -22.245216369628906250 -0.505241513252258301 -7.313194274902343750
0.845317840576171875 0.003817015094682574 -0.534250140190124512 -0.319466471672058105 1.110977292060852051 0.173735022544860840 -0.947589874267578125 -0.801677763462066650 0.268122255802154541 -22.414764404296875000 -0.505226612091064453 -7.365346431732177734
0.845392763614654541 0.003774082753807306 -0.534131884574890137 -0.319319248199462891 1.109775900840759277 0.173584595322608948 -0.947639703750610352 -0.801782846450805664 0.268043696880340576 -22.571514129638671875 -0.505152940750122070 -7.416694641113281250
0.845379233360290527 0.003837615251541138 -0.534152865409851074 -0.319215863943099976 1.111362099647521973 0.173587098717689514 -0.947674274444580078 -0.801810264587402344 0.267919778823852539 -22.712358474731445312 -0.505174756050109863 -7.461705684661865234
0.845347344875335693 0.003809307701885700 -0.534203410148620605 -0.319013714790344238 1.113040447235107422 0.173472642898559570 -0.947742462158203125 -0.801832377910614014 0.267752677202224731 -22.837884902954101562 -0.505267322063446045 -7.503439903259277344
0.845411658287048340 0.003864063182845712 -0.534101307392120361 -0.318951249122619629 1.114229559898376465 0.173450961709022522 -0.947763264179229736 -0.801920294761657715 0.267693102359771729 -22.948827743530273438 -0.505167245864868164 -7.540176391601562500
0.845402240753173828 0.003914509899914265 -0.534115791320800781 -0.318651378154754639 1.117031097412109375 0.173336192965507507 -0.947863876819610596 -0.802004814147949219 0.267410904169082642 -23.041780471801757812 -0.505222320556640625 -7.571643829345703125
0.845421075820922852 0.003886001650243998 -0.534086227416992188 -0.318458318710327148 1.119854211807250977 0.173201069235801697 -0.947928905487060547 -0.802072107791900635 0.267268031835556030 -23.120033264160156250 -0.505237162113189697 -7.597788810729980469
0.845411658287048340 0.003933123778551817 -0.534100770950317383 -0.318254351615905762 1.122829079627990723 0.173134773969650269 -0.947997212409973145 -0.802128851413726807 0.267068624496459961 -23.182828903198242188 -0.505275666713714600 -7.620377063751220703
0.845457792282104492 0.004056371282786131 -0.534026801586151123 -0.317978084087371826 1.125450730323791504 0.173063144087791443 -0.948089361190795898 -0.802271604537963867 0.266787678003311157 -23.229961395263671875 -0.505222976207733154 -7.638028621673583984
0.845442771911621094 0.004106231965124607 -0.534050285816192627 -0.317640185356140137 1.127658486366271973 0.172930508852005005 -0.948202431201934814 -0.802360951900482178 0.266471743583679199 -23.261074066162109375 -0.505293548107147217 -7.652534961700439453
0.845465600490570068 0.004019569605588913 -0.534014701843261719 -0.317546010017395020 1.131095290184020996 0.172799512743949890 -0.948234379291534424 -0.802394151687622070 0.266443133354187012 -23.278337478637695312 -0.505300104618072510 -7.657899856567382812
0.845454394817352295 0.003977371379733086 -0.534032762050628662 -0.317343711853027344 1.133383870124816895 0.172663509845733643 -0.948302268981933594 -0.802433073520660400 0.266289621591567993 -23.288043975830078125 -0.505365371704101562 -7.657998561859130859
0.845401644706726074 0.003865237114951015 -0.534117102622985840 -0.317210644483566284 1.133561134338378906 0.172529101371765137 -0.948347210884094238 -0.802401185035705566 0.266216546297073364 -23.294359207153320312 -0.505499482154846191 -7.658373355865478516
0.845358252525329590 0.003838049713522196 -0.534186005592346191 -0.317175686359405518 1.131773471832275391 0.172510311007499695 -0.948359012603759766 -0.802365243434906006 0.266186654567718506 -23.298196792602539062 -0.505578458309173584 -7.658781051635742188
0.845365285873413086 0.003803726751357317 -0.534175097942352295 -0.317114353179931641 1.129271149635314941 0.172446653246879578 -0.948379695415496826 -0.802383184432983398 0.266154348850250244 -23.300321578979492188 -0.505588471889495850 -7.657474517822265625
0.845340371131896973 0.003847893327474594 -0.534214198589324951 -0.317183971405029297 1.126677036285400391 0.172531530261039734 -0.948356211185455322 -0.802347719669342041 0.266182929277420044 -23.301511764526367188 -0.505601108074188232 -7.655730247497558594
0.845344603061676025 0.003872808767482638 -0.534207403659820557 -0.317104697227478027 1.123931288719177246 0.172507137060165405 -0.948382616043090820 -0.802378177642822266 0.266104638576507568 -23.300392150878906250 -0.505602419376373291 -7.652980327606201172
0.845340967178344727 0.003881732467561960 -0.534213066101074219 -0.317037433385848999 1.120956659317016602 0.172480225563049316 -0.948405086994171143 -0.802395164966583252 0.266042053699493408 -23.298974990844726562 -0.505617678165435791 -7.650073051452636719
0.845331788063049316 0.003870046697556973 -0.534227669239044189 -0.316938698291778564 1.117996454238891602 0.172422796487808228 -0.948438107967376709 -0.802412152290344238 0.265961438417434692 -23.296960830688476562 -0.505652666091918945 -7.647173881530761719
0.845358490943908691 0.003879543859511614 -0.534185290336608887 -0.316848456859588623 1.115435361862182617 0.172368973493576050 -0.948468267917633057 -0.802464425563812256 0.265888929367065430 -23.294919967651367188 -0.505626261234283447 -7.644005775451660156
0.845267176628112793 0.003874849295243621 -0.534329891204833984 -0.316935956478118896 1.115421891212463379 0.172457352280616760 -0.948439002037048340 -0.802352607250213623 0.265935868024826050 -23.294351577758789062 -0.505748867988586426 -7.644749164581298828
0.845360875129699707 0.003974891267716885 -0.534180879592895508 -0.316606074571609497 1.113350391387939453 0.172314986586570740 -0.948548793792724609 -0.802550911903381348 0.265636533498764038 -23.290655136108398438 -0.505640745162963867 -7.641154766082763672
0.845345735549926758 0.004057505633682013 -0.534204244613647461 -0.316458046436309814 1.112632036209106445 0.172309756278991699 -0.948597848415374756 -0.802592277526855469 0.265464693307876587 -23.287813186645507812 -0.505667865276336670 -7.639823913574218750
0.845341026782989502 0.004143209662288427 -0.534210979938507080 -0.316290855407714844 1.112303256988525391 0.172291591763496399 -0.948653221130371094 -0.802649319171905518 0.265278488397598267 -23.284872055053710938 -0.505681872367858887 -7.638813018798828125
0.845395326614379883 0.004233267158269882 -0.534124314785003662 -0.316091060638427734 1.111417889595031738 0.172230273485183716 -0.948719382286071777 -0.802772104740142822 0.265081524848937988 -23.281311035156250000 -0.505611956119537354 -7.637471675872802734
0.845431923866271973 0.004309303592890501 -0.534065783023834229 -0.316039830446243286 1.110900282859802246 0.172245711088180542 -0.948736131191253662 -0.802834093570709229 0.265011608600616455 -23.278055191040039062 -0.505545496940612793 -7.635889530181884766
0.845407783985137939 0.004234036430716515 -0.534104645252227783 -0.316165030002593994 1.111362814903259277 0.172264143824577332 -0.948694765567779541 -0.802763283252716064 0.265147745609283447 -23.277299880981445312 -0.505579650402069092 -7.635985374450683594
0.845421314239501953 0.004349416587501764 -0.534082233905792236 -0.316008597612380981 1.111135363578796387 0.172266468405723572 -0.948746383190155029 -0.802839696407318115 0.264961540699005127 -23.273998260498046875 -0.505556166172027588 -7.634653091430664062
0.845431208610534668 0.004436614923179150 -0.534065842628479004 -0.315780222415924072 1.110677123069763184 0.172209724783897400 -0.948821961879730225 -0.802927792072296143 0.264727503061294556 -23.270624160766601562 -0.505558967590332031 -7.633016586303710938
0.845391869544982910 0.004518014844506979 -0.534127473831176758 -0.315615862607955933 1.109526991844177246 0.172206833958625793 -0.948876261711120605 -0.802950382232666016 0.264534682035446167 -23.268356323242187500 -0.505625724792480469 -7.631167888641357422
0.845360577106475830 0.004544241353869438 -0.534176766872406006 -0.315493971109390259 1.107802033424377441 0.172178387641906738 -0.948916733264923096 -0.802959203720092773 0.264408200979232788 -23.266908645629882812 -0.505687713623046875 -7.628699302673339844
0.845345377922058105 0.004584440030157566 -0.534200549125671387 -0.315333306789398193 1.105048656463623047 0.172132521867752075 -0.948969900608062744 -0.802996456623077393 0.264247059822082520 -23.265125274658203125 -0.505728840827941895 -7.625581741333007812
0.845326006412506104 0.004609895404428244 -0.534230947494506836 -0.315307348966598511 1.101669430732727051 0.172148644924163818 -0.948978424072265625 -0.802989721298217773 0.264206022024154663 -23.264305114746093750 -0.505755722522735596 -7.621910095214843750
0.845311105251312256 0.004616177175194025 -0.534254491329193115 -0.315227538347244263 1.097612619400024414 0.172118499875068665 -0.949004888534545898 -0.802998900413513184 0.264130502939224243 -23.263330459594726562 -0.505790829658508301 -7.618318080902099609
0.845286965370178223 0.004576265811920166 -0.534292995929718018 -0.315049350261688232 1.092963695526123047 0.172003477811813354 -0.949064254760742188 -0.803018808364868164 0.263992100954055786 -23.261423110961914062 -0.505870282649993896 -7.613422870635986328
0.845291137695312500 0.004552192520350218 -0.534286558628082275 -0.314910680055618286 1.087029337882995605 0.171908229589462280 -0.949110388755798340 -0.803057193756103516 0.263888299465179443 -23.259542465209960938 -0.505895674228668213 -7.607441425323486328
0.845281243324279785 0.004581623710691929 -0.534301996231079102 -0.314672410488128662 1.080062270164489746 0.171809688210487366 -0.949189245700836182 -0.803119063377380371 0.263668656349182129 -23.257518768310546875 -0.505945682525634766 -7.601051330566406250
0.845318615436553955 0.004489338025450706 -0.534243702888488770 -0.314580529928207397 1.070790886878967285 0.171668335795402527 -0.949220180511474609 -0.803164124488830566 0.263649463653564453 -23.256811141967773438 -0.505931258201599121 -7.593745231628417969
0.845325946807861328 0.004374089185148478 -0.534232974052429199 -0.314489305019378662 1.058282494544982910 0.171523720026016235 -0.949250936508178711 -0.803176760673522949 0.263632804155349731 -23.256090164184570312 -0.505967974662780762 -7.584203243255615234
0.845323562622070312 0.004289282951503992 -0.534237444400787354 -0.314376473426818848 1.041647434234619141 0.171396791934967041 -0.949288725852966309 -0.803191304206848145 0.263579428195953369 -23.255788803100585938 -0.506015002727508545 -7.572139739990234375
0.845269083976745605 0.004251725506037474 -0.534323930740356445 -0.314230442047119141 1.022165060043334961 0.171315714716911316 -0.949337244033813477 -0.803173780441284180 0.263457328081130981 -23.255914688110351562 -0.506133437156677246 -7.558346271514892578
0.845225512981414795 0.004185274709016085 -0.534393370151519775 -0.314148813486099243 0.999729216098785400 0.171240419149398804 -0.949364542961120605 -0.803143799304962158 0.263407886028289795 -23.257381439208984375 -0.506231665611267090 -7.543037891387939453
0.845200777053833008 0.004157640039920807 -0.534432768821716309 -0.314066082239151001 0.973968088626861572 0.171186357736587524 -0.949392020702362061 -0.803138613700866699 0.263343900442123413 -23.259330749511718750 -0.506291329860687256 -7.525775432586669922
0.845092177391052246 0.004179150331765413 -0.534604310989379883 -0.313958555459976196 0.946762979030609131 0.171199738979339600 -0.949427485466003418 -0.803069174289703369 0.263207286596298218 -23.260349273681640625 -0.506468057632446289 -7.507947921752929688
0.844847381114959717 0.004230784252285957 -0.534990668296813965 -0.314096510410308838 0.920245707035064697 0.171435207128524780 -0.949381649494171143 -0.802807867527008057 0.263219445943832397 -23.262510299682617188 -0.506796658039093018 -7.490768909454345703
0.844787836074829102 0.004404194187372923 -0.535083234310150146 -0.314204663038253784 0.898106038570404053 0.171661123633384705 -0.949345052242279053 -0.802751183509826660 0.263204157352447510 -23.263217926025390625 -0.506819427013397217 -7.475791931152343750
0.844801783561706543 0.004461569245904684 -0.535060822963714600 -0.314271122217178345 0.882504522800445557 0.171735718846321106 -0.949322819709777832 -0.802755773067474365 0.263235807418823242 -23.263195037841796875 -0.506770968437194824 -7.464654445648193359
0.844955742359161377 0.004494019318372011 -0.534817337989807129 -0.314394474029541016 0.870678484439849854 0.171751737594604492 -0.949281811714172363 -0.802872955799102783 0.263373136520385742 -23.263076782226562500 -0.506508767604827881 -7.455942153930664062
0.845107078552246094 0.004590102937072515 -0.534577310085296631 -0.314459681510925293 0.863067805767059326 0.171788945794105530 -0.949259757995605469 -0.803014695644378662 0.263428419828414917 -23.261011123657226562 -0.506243526935577393 -7.448878288269042969
0.845221161842346191 0.004707973916083574 -0.534395992755889893 -0.314511358737945557 0.858484327793121338 0.171854704618453979 -0.949242055416107178 -0.803128540515899658 0.263449251651763916 -23.258087158203125000 -0.506030797958374023 -7.444460391998291016
0.845301747322082520 0.004833839833736420 -0.534267365932464600 -0.314651787281036377 0.856299817562103271 0.171990647912025452 -0.949194848537445068 -0.803187429904937744 0.263530492782592773 -23.255836486816406250 -0.505849957466125488 -7.441553592681884766
0.845329701900482178 0.004935055505484343 -0.534222185611724854 -0.314887940883636475 0.857200682163238525 0.172183796763420105 -0.949116051197052002 -0.803165674209594727 0.263688266277313232 -23.253829956054687500 -0.505737543106079102 -7.440446376800537109
0.845384716987609863 0.004969071131199598 -0.534134805202484131 -0.314913809299468994 0.862691879272460938 0.172197654843330383 -0.949107289314270020 -0.803216457366943359 0.263710767030715942 -23.249462127685546875 -0.505640804767608643 -7.442171573638916016
0.845421910285949707 0.005095076281577349 -0.534074723720550537 -0.314761161804199219 0.872120082378387451 0.172198936343193054 -0.949157238006591797 -0.803315699100494385 0.263530045747756958 -23.243299484252929688 -0.505578160285949707 -7.446194648742675781
0.845524787902832031 0.005037523806095123 -0.533912420272827148 -0.314781397581100464 0.884857594966888428 0.172112822532653809 -0.949150860309600830 -0.803397595882415771 0.263609319925308228 -23.238636016845703125 -0.505435466766357422 -7.453122615814208984
