0.000000000000000000e+00 -3.398562073707580566e+00 -7.937313318252563477e+00 7.444962024688720703e+01 6.854464863803579888e-01 1.947178412912814460e-01 1.976871743172200491e-01 6.731774340410990876e-01
1.000000000000000056e-01 -3.397900164127349854e+00 -7.937578558921813965e+00 7.444962501525878906e+01 6.854471650832668628e-01 1.947173297631138444e-01 1.976841367403079641e-01 6.731777829447989081e-01
2.000000000000000111e-01 -3.397756516933441162e+00 -7.937665581703186035e+00 7.444962978363037109e+01 6.854468741744438320e-01 1.947177918787745821e-01 1.976795668832587449e-01 6.731792874466545618e-01
2.999999999999999889e-01 -3.398439884185791016e+00 -7.937249541282653809e+00 7.445145606994628906e+01 6.854040399987879617e-01 1.948706501571161320e-01 1.978286922028448802e-01 6.731348603378035644e-01
4.000000000000000222e-01 -3.400277495384216309e+00 -7.936457991600036621e+00 7.446083068847656250e+01 6.853649429073259691e-01 1.950069807383083553e-01 1.979672490149423369e-01 6.730944516295040980e-01
5.000000000000000000e-01 -3.404100537300109863e+00 -7.934769988059997559e+00 7.445785999298095703e+01 6.853285813564879980e-01 1.951320248057748508e-01 1.981074980809615083e-01 6.730539708487004447e-01
5.999999999999999778e-01 -3.409413397312164307e+00 -7.932544350624084473e+00 7.444238185882568359e+01 6.852873133746030243e-01 1.952755754185833137e-01 1.982738822317209881e-01 6.730053606008810085e-01
6.999999999999999556e-01 -3.413289785385131836e+00 -7.930559515953063965e+00 7.440202236175537109e+01 6.852225466596051362e-01 1.955157862636411892e-01 1.985311203608672859e-01 6.729257263021631852e-01
8.000000000000000444e-01 -3.414919972419738770e+00 -7.929661870002746582e+00 7.431624412536621094e+01 6.852254401886129775e-01 1.955275371325855271e-01 1.985557345494163572e-01 6.729121031893604554e-01
9.000000000000000222e-01 -3.415463566780090332e+00 -7.929787635803222656e+00 7.419745922088623047e+01 6.852428467973892268e-01 1.954929709338132371e-01 1.985312862485869301e-01 6.729116343242724785e-01
1.000000000000000000e+00 -3.414970636367797852e+00 -7.930057644844055176e+00 7.404467582702636719e+01 6.852605992607172514e-01 1.954707995696302048e-01 1.985169221542001927e-01 6.729042348171663246e-01
1.100000000000000089e+00 -3.416068851947784424e+00 -7.929766178131103516e+00 7.386463165283203125e+01 6.852831176467774066e-01 1.954334046324089913e-01 1.984858669666236253e-01 6.729013253342616130e-01
1.199999999999999956e+00 -3.417666256427764893e+00 -7.929817438125610352e+00 7.365486621856689453e+01 6.853154793406276424e-01 1.953649313565863910e-01 1.984312140261761670e-01 6.729043696337985159e-01
1.300000000000000044e+00 -3.418977558612823486e+00 -7.929841279983520508e+00 7.341161251068115234e+01 6.853603970088772979e-01 1.952585575245174843e-01 1.983293534397471136e-01 6.729195267559486826e-01
1.399999999999999911e+00 -3.419650197029113770e+00 -7.929520010948181152e+00 7.314389228820800781e+01 6.853960354240878905e-01 1.952005446115628873e-01 1.982757839938929512e-01 6.729158457711474917e-01
1.500000000000000000e+00 -3.420349061489105225e+00 -7.929768562316894531e+00 7.284304618835449219e+01 6.854466448575621262e-01 1.950919027851867327e-01 1.981750181222100005e-01 6.729254852607585713e-01
1.600000000000000089e+00 -3.420802354812622070e+00 -7.929840683937072754e+00 7.251763343811035156e+01 6.854966144490639568e-01 1.949967326355270814e-01 1.980902018855009439e-01 6.729271414925259709e-01
1.699999999999999956e+00 -3.421421349048614502e+00 -7.929870486259460449e+00 7.216680526733398438e+01 6.855505919237461221e-01 1.948938584277212227e-01 1.979997711114771242e-01 6.729285701320455448e-01
1.800000000000000044e+00 -3.422915041446685791e+00 -7.929138541221618652e+00 7.178804397583007812e+01 6.856206704524940854e-01 1.947421482676541249e-01 1.978704848354662094e-01 6.729391229281806996e-01
1.899999999999999911e+00 -3.422996401786804199e+00 -7.929381728172302246e+00 7.138893127441406250e+01 6.857315690903410532e-01 1.944524329388146455e-01 1.976051730941048024e-01 6.729878617356509496e-01
2.000000000000000000e+00 -3.423421978950500488e+00 -7.929337620735168457e+00 7.097441673278808594e+01 6.858514711208166803e-01 1.941361613034965350e-01 1.973069367084095416e-01 6.730444882491043446e-01
2.100000000000000089e+00 -3.423124253749847412e+00 -7.929533720016479492e+00 7.053460597991943359e+01 6.860069835726755327e-01 1.937022890053913260e-01 1.969010076497519912e-01 6.731298796741258528e-01
2.200000000000000178e+00 -3.422978520393371582e+00 -7.929697632789611816e+00 7.008885383605957031e+01 6.862014016720606735e-01 1.931325991048806756e-01 1.963610871276572634e-01 6.732531165678599105e-01
2.299999999999999822e+00 -3.423416316509246826e+00 -7.929548621177673340e+00 6.962497234344482422e+01 6.864269006614822644e-01 1.924560364983243232e-01 1.957267893708994899e-01 6.734016691293442936e-01
2.399999999999999911e+00 -3.424279093742370605e+00 -7.929058074951171875e+00 6.914543628692626953e+01 6.866801362809640263e-01 1.916829280376227684e-01 1.950043948793284965e-01 6.735735531579515323e-01
2.500000000000000000e+00 -3.424766361713409424e+00 -7.929074168205261230e+00 6.864815711975097656e+01 6.869751481722460307e-01 1.907566230979064192e-01 1.941326681511433561e-01 6.737874766530775883e-01
2.600000000000000089e+00 -3.426371514797210693e+00 -7.928772568702697754e+00 6.813066005706787109e+01 6.872671022290895992e-01 1.898413961714651155e-01 1.932813217978241738e-01 6.739929562965659704e-01
2.700000000000000178e+00 -3.427583873271942139e+00 -7.928609251976013184e+00 6.759521484375000000e+01 6.875579440846524282e-01 1.889337714615259012e-01 1.924360695115352182e-01 6.741931938831491333e-01
2.799999999999999822e+00 -3.428633809089660645e+00 -7.928633689880371094e+00 6.704491138458251953e+01 6.878782765926524378e-01 1.879177980063708731e-01 1.914860510210849576e-01 6.744208404614356889e-01
2.899999999999999911e+00 -3.428863286972045898e+00 -7.928608655929565430e+00 6.648070335388183594e+01 6.881854174550370296e-01 1.869585506153892407e-01 1.905917163864262742e-01 6.746274002728509522e-01
3.000000000000000000e+00 -3.430171608924865723e+00 -7.928273677825927734e+00 6.590014457702636719e+01 6.885006427010362806e-01 1.859662200575651347e-01 1.896700173966343050e-01 6.748397694997835261e-01
3.100000000000000089e+00 -3.428979516029357910e+00 -7.928853631019592285e+00 6.531188488006591797e+01 6.888178647055068771e-01 1.849741723060063237e-01 1.887327031580851577e-01 6.750514584836448950e-01
3.200000000000000178e+00 -3.428692519664764404e+00 -7.929030060768127441e+00 6.470725536346435547e+01 6.891382403915339294e-01 1.839695638195875116e-01 1.877893585430564782e-01 6.752620543434072475e-01
3.299999999999999822e+00 -3.427951037883758545e+00 -7.929656505584716797e+00 6.409494400024414062e+01 6.894570169185001429e-01 1.829715428883976758e-01 1.868513459840201729e-01 6.754679939263168453e-01
3.399999999999999911e+00 -3.426409065723419189e+00 -7.930646538734436035e+00 6.347587108612060547e+01 6.897672638691081382e-01 1.820115598845298832e-01 1.859510743422983226e-01 6.756590203008245865e-01
3.500000000000000000e+00 -3.426907658576965332e+00 -7.930871844291687012e+00 6.284866333007812500e+01 6.900677695559657154e-01 1.810834306964015372e-01 1.850879379864414920e-01 6.758385308335143060e-01
3.600000000000000089e+00 -3.428001105785369873e+00 -7.931175827980041504e+00 6.220519542694091797e+01 6.903928164644861365e-01 1.800531243353874489e-01 1.841228119583908085e-01 6.760454285828986221e-01
3.700000000000000178e+00 -3.427930176258087158e+00 -7.931393980979919434e+00 6.154792785644531250e+01 6.907472075176328552e-01 1.789194474494092413e-01 1.830610763269482633e-01 6.762727031050488335e-01
3.799999999999999822e+00 -3.429619371891021729e+00 -7.931511998176574707e+00 6.087415218353271484e+01 6.911059784830568820e-01 1.777550183756182456e-01 1.819744354087325378e-01 6.765064558486730828e-01
3.899999999999999911e+00 -3.429034650325775146e+00 -7.932343482971191406e+00 6.019269943237304688e+01 6.914800602177286759e-01 1.765384398458674786e-01 1.808289899979196591e-01 6.767498666083396897e-01
4.000000000000000000e+00 -3.428550362586975098e+00 -7.933431267738342285e+00 5.951708316802978516e+01 6.918307693406683390e-01 1.754145409364532560e-01 1.797808083109704580e-01 6.769629135961628963e-01
4.099999999999999645e+00 -3.428811728954315186e+00 -7.933544516563415527e+00 5.882981300354003906e+01 6.921862792315470747e-01 1.742747224665930350e-01 1.787230354746522920e-01 6.771739455586764933e-01
4.200000000000000178e+00 -3.429238200187683105e+00 -7.933092117309570312e+00 5.814402103424072266e+01 6.925220090719103050e-01 1.732204484456920657e-01 1.777508501185086076e-01 6.773570539039401872e-01
4.299999999999999822e+00 -3.429672420024871826e+00 -7.932969927787780762e+00 5.745673656463623047e+01 6.928843149738246332e-01 1.720537685790128890e-01 1.766743710835688430e-01 6.775654901064824820e-01
4.400000000000000355e+00 -3.430159389972686768e+00 -7.932806611061096191e+00 5.676259040832519531e+01 6.932392536465864508e-01 1.709167265239370792e-01 1.756316633589254661e-01 6.777612622624887839e-01
4.500000000000000000e+00 -3.429773449897766113e+00 -7.932847738265991211e+00 5.606933593750000000e+01 6.935748219852344576e-01 1.698613723338457948e-01 1.746528814095177073e-01 6.779361706771259710e-01
4.599999999999999645e+00 -3.430528044700622559e+00 -7.933027744293212891e+00 5.537405967712402344e+01 6.939252706315851560e-01 1.687367656332483534e-01 1.736255215119727191e-01 6.781222610873398615e-01
4.700000000000000178e+00 -3.429500162601470947e+00 -7.933576107025146484e+00 5.468044757843017578e+01 6.942671307117281865e-01 1.676555076545584999e-01 1.726287650984930644e-01 6.782949885020278513e-01
4.799999999999999822e+00 -3.429377675056457520e+00 -7.933465242385864258e+00 5.398414134979248047e+01 6.946043326927674455e-01 1.665958287260881354e-01 1.716649955721403498e-01 6.784554371148634466e-01
4.900000000000000355e+00 -3.427774012088775635e+00 -7.934223413467407227e+00 5.329211711883544922e+01 6.949601867363611740e-01 1.654560704728172960e-01 1.706119259699975799e-01 6.786355415919976819e-01
5.000000000000000000e+00 -3.424443006515502930e+00 -7.934882044792175293e+00 5.262042045593261719e+01 6.952886657177426155e-01 1.644530818846120512e-01 1.696903676787343829e-01 6.787739198732893886e-01
5.099999999999999645e+00 -3.422872722148895264e+00 -7.935047745704650879e+00 5.195130825042724609e+01 6.956093264633308459e-01 1.634706163992865058e-01 1.687972970138321427e-01 6.789053652992388388e-01
5.200000000000000178e+00 -3.423246145248413086e+00 -7.934665083885192871e+00 5.129224300384521484e+01 6.959342114496950282e-01 1.624525252394487529e-01 1.678750208355974105e-01 6.790454533804529680e-01
5.299999999999999822e+00 -3.423256576061248779e+00 -7.934296131134033203e+00 5.063325405120849609e+01 6.962598129603192465e-01 1.614375422607901012e-01 1.669732175508227001e-01 6.791760724775142144e-01
5.400000000000000355e+00 -3.422130048274993896e+00 -7.934096455574035645e+00 4.996365547180175781e+01 6.966140461145046148e-01 1.602998810709644895e-01 1.659488863522676771e-01 6.793333393872666992e-01
5.500000000000000000e+00 -3.421334624290466309e+00 -7.934462428092956543e+00 4.930637359619140625e+01 6.969738055069204519e-01 1.591244271452129100e-01 1.648858224765595293e-01 6.794995192560022712e-01
5.599999999999999645e+00 -3.419992923736572266e+00 -7.935021519660949707e+00 4.865626335144042969e+01 6.973051267811893883e-01 1.580770678184610922e-01 1.639373329999636864e-01 6.796335421706659607e-01
5.700000000000000178e+00 -3.418751358985900879e+00 -7.935399413108825684e+00 4.800699710845947266e+01 6.976552227024439556e-01 1.569412953583469994e-01 1.629009634498700954e-01 6.797866548810383991e-01
5.799999999999999822e+00 -3.416717648506164551e+00 -7.936208248138427734e+00 4.737780094146728516e+01 6.979944649498449616e-01 1.558566678954618201e-01 1.619149150797068726e-01 6.799235149975582093e-01
5.900000000000000355e+00 -3.414528667926788330e+00 -7.936489582061767578e+00 4.675404071807861328e+01 6.983085294672537469e-01 1.548985933977776730e-01 1.610577631834238799e-01 6.800235439711065366e-01
6.000000000000000000e+00 -3.412777483463287354e+00 -7.936972379684448242e+00 4.613992214202880859e+01 6.986245399338761874e-01 1.539184365094509177e-01 1.601782006200433151e-01 6.801292606194728751e-01
6.099999999999999645e+00 -3.410636782646179199e+00 -7.938022613525390625e+00 4.552776813507080078e+01 6.989456131011778650e-01 1.529071528623269227e-01 1.592654342406344958e-01 6.802418349280623389e-01
6.200000000000000178e+00 -3.408400714397430420e+00 -7.938981652259826660e+00 4.493052959442138672e+01 6.992446563252801006e-01 1.519979445554895392e-01 1.584452379882882456e-01 6.803298038527213487e-01
6.299999999999999822e+00 -3.406227529048919678e+00 -7.939315438270568848e+00 4.433951854705810547e+01 6.995183093135257657e-01 1.512221645019780070e-01 1.577626591641762277e-01 6.803799932919332161e-01
6.400000000000000355e+00 -3.404924273490905762e+00 -7.939705252647399902e+00 4.375549793243408203e+01 6.997902788968725085e-01 1.504423000235168839e-01 1.570805746597042918e-01 6.804310200083825144e-01
6.500000000000000000e+00 -3.402717411518096924e+00 -7.940638065338134766e+00 4.318474769592285156e+01 7.000566143059006041e-01 1.496896759681992650e-01 1.564217674302215422e-01 6.804748109585694316e-01
6.599999999999999645e+00 -3.400463759899139404e+00 -7.941188812255859375e+00 4.261880874633789062e+01 7.003278269782293730e-01 1.489200903122975816e-01 1.557443432339166434e-01 6.805199784076619851e-01
6.700000000000000178e+00 -3.399173021316528320e+00 -7.941515445709228516e+00 4.206932067871093750e+01 7.005842159367494659e-01 1.482106106305540738e-01 1.551243950000304739e-01 6.805525647241972287e-01
6.799999999999999822e+00 -3.398175537586212158e+00 -7.941787242889404297e+00 4.152591705322265625e+01 7.008469905408737377e-01 1.474688781802913073e-01 1.544809195545051306e-01 6.805895027927200136e-01
6.900000000000000355e+00 -3.396131992340087891e+00 -7.942258119583129883e+00 4.098010540008544922e+01 7.011140730497933404e-01 1.467208638370097740e-01 1.538339204461989240e-01 6.806226337748424449e-01
7.000000000000000000e+00 -3.395039141178131104e+00 -7.942497730255126953e+00 4.045606136322021484e+01 7.013418751211584201e-01 1.461630593359362074e-01 1.533681760500374691e-01 6.806130595736331612e-01
7.099999999999999645e+00 -3.395165503025054932e+00 -7.942413687705993652e+00 3.992978572845458984e+01 7.015644928467719144e-01 1.456349188621191004e-01 1.529495012235810025e-01 6.805910540553218313e-01
7.200000000000000178e+00 -3.395254313945770264e+00 -7.941846251487731934e+00 3.940406322479248047e+01 7.017896313286484666e-01 1.451138757895630294e-01 1.525378324958914511e-01 6.805626246499185683e-01
7.299999999999999822e+00 -3.393287956714630127e+00 -7.942435145378112793e+00 3.886391162872314453e+01 7.020485773605735780e-01 1.444414328136600645e-01 1.519732711743461417e-01 6.805649067953037923e-01
7.400000000000000355e+00 -3.389914035797119141e+00 -7.943544387817382812e+00 3.833035707473754883e+01 7.023033813853341023e-01 1.438100387012396508e-01 1.514288735455921742e-01 6.805570729337744318e-01
7.500000000000000000e+00 -3.385761678218841553e+00 -7.944720983505249023e+00 3.782291650772094727e+01 7.025359326883166000e-01 1.433127006847513263e-01 1.510113591187789150e-01 6.805147335078790549e-01
7.599999999999999645e+00 -3.383899629116058350e+00 -7.945230603218078613e+00 3.731499195098876953e+01 7.027716710173387282e-01 1.427816932371126502e-01 1.505712761897295693e-01 6.804804606147307755e-01
7.700000000000000178e+00 -3.381244540214538574e+00 -7.946221232414245605e+00 3.681583404541015625e+01 7.030314248129889698e-01 1.421300722883069856e-01 1.500147268514648025e-01 6.804714836085491436e-01
7.799999999999999822e+00 -3.378542363643646240e+00 -7.947190999984741211e+00 3.633558988571166992e+01 7.032730524714115861e-01 1.415760477019000207e-01 1.495443151505571611e-01 6.804408381268742811e-01
7.900000000000000355e+00 -3.376409411430358887e+00 -7.947885394096374512e+00 3.586561918258666992e+01 7.035267590578531127e-01 1.409569035807153314e-01 1.490260645057577549e-01 6.804208129682807193e-01
8.000000000000000000e+00 -3.373683094978332520e+00 -7.948660850524902344e+00 3.540841341018676758e+01 7.037727875197029581e-01 1.403891217541067826e-01 1.485551786080114012e-01 6.803867407207460083e-01
8.099999999999999645e+00 -3.371303379535675049e+00 -7.949233055114746094e+00 3.495399713516235352e+01 7.040187043431918035e-01 1.398213418605388503e-01 1.480844401900321683e-01 6.803518610754706319e-01
8.199999999999999289e+00 -3.369395434856414795e+00 -7.949486970901489258e+00 3.450477123260498047e+01 7.042651591177216952e-01 1.392517177592091926e-01 1.476167914952014604e-01 6.803152413570210388e-01
8.300000000000000711e+00 -3.367201983928680420e+00 -7.949627041816711426e+00 3.406788110733032227e+01 7.044974722541507139e-01 1.387613429471132864e-01 1.472172691305325409e-01 6.802614769048549448e-01
8.400000000000000355e+00 -3.365093171596527100e+00 -7.950496673583984375e+00 3.364343881607055664e+01 7.047355139135957902e-01 1.382233536046705291e-01 1.467772778312871340e-01 6.802195165236405439e-01
8.500000000000000000e+00 -3.364916145801544189e+00 -7.950680851936340332e+00 3.322179794311523438e+01 7.049576494313218866e-01 1.377481673581651966e-01 1.463990909204756496e-01 6.801672302275302284e-01
8.599999999999999645e+00 -3.363739550113677979e+00 -7.951096296310424805e+00 3.280585289001464844e+01 7.051802676765638322e-01 1.372861299794340129e-01 1.460281546048521617e-01 6.801096137076590997e-01
8.699999999999999289e+00 -3.363038599491119385e+00 -7.951185703277587891e+00 3.240817070007324219e+01 7.053748855157648823e-01 1.369877185673005204e-01 1.458259822825492824e-01 6.800113372118706812e-01
8.800000000000000711e+00 -3.363642692565917969e+00 -7.950484752655029297e+00 3.200557947158813477e+01 7.055879294539811886e-01 1.366017168497987155e-01 1.455663422596711609e-01 6.799235874447007166e-01
8.900000000000000355e+00 -3.363501131534576416e+00 -7.950479984283447266e+00 3.160238981246948242e+01 7.058178837569667463e-01 1.361320152372949011e-01 1.452187036584876856e-01 6.798534529617531463e-01
9.000000000000000000e+00 -3.363999426364898682e+00 -7.950427532196044922e+00 3.120277404785156250e+01 7.060479663510804693e-01 1.356716890014882937e-01 1.448812195962598248e-01 6.797785626388108682e-01
9.099999999999999645e+00 -3.364321887493133545e+00 -7.950230836868286133e+00 3.079727888107299805e+01 7.062844720313465885e-01 1.352015597214427656e-01 1.445343186738634322e-01 6.797003851269857178e-01
9.199999999999999289e+00 -3.365357816219329834e+00 -7.949947714805603027e+00 3.038698434829711914e+01 7.065295137407263670e-01 1.347012485699763396e-01 1.441664982631717939e-01 6.796231607483054216e-01
9.300000000000000711e+00 -3.367318511009216309e+00 -7.948819398880004883e+00 2.996413230895996094e+01 7.067683019477667417e-01 1.342748949053990115e-01 1.438724533635483416e-01 6.795215501536121527e-01
9.400000000000000355e+00 -3.367777466773986816e+00 -7.948836088180541992e+00 2.953794240951538086e+01 7.070250509084742285e-01 1.337867068947944382e-01 1.435210577316145819e-01 6.794250513733754993e-01
9.500000000000000000e+00 -3.367685973644256592e+00 -7.948957085609436035e+00 2.910370826721191406e+01 7.072932964416631663e-01 1.332861205056552478e-01 1.431631196191257283e-01 6.793197509789903332e-01
9.599999999999999645e+00 -3.369024991989135742e+00 -7.948765158653259277e+00 2.866117238998413086e+01 7.075703025415597258e-01 1.327579337150911476e-01 1.427835799219858148e-01 6.792145811903681496e-01
9.699999999999999289e+00 -3.368580341339111328e+00 -7.949118018150329590e+00 2.820857286453247070e+01 7.078869478965682527e-01 1.320680502329636408e-01 1.422494579952504334e-01 6.791312029390214056e-01
9.800000000000000711e+00 -3.366413712501525879e+00 -7.949665784835815430e+00 2.776226282119750977e+01 7.082010566893945924e-01 1.314652842748154082e-01 1.417940410658585781e-01 6.790158998527060508e-01
9.900000000000000355e+00 -3.365433514118194580e+00 -7.950223684310913086e+00 2.731554746627807617e+01 7.085201011520756431e-01 1.308378516884292075e-01 1.413267999925834906e-01 6.789016559361635839e-01
1.000000000000000000e+01 -3.364509344100952148e+00 -7.950831055641174316e+00 2.686217308044433594e+01 7.088405760742240158e-01 1.302197397702646864e-01 1.408568457726258605e-01 6.787836224334767854e-01
1.009999999999999964e+01 -3.363125324249267578e+00 -7.951562404632568359e+00 2.641698598861694336e+01 7.091550162603240670e-01 1.296682095033130366e-01 1.404432108499780729e-01 6.786464638404690053e-01
1.019999999999999929e+01 -3.362262248992919922e+00 -7.951864004135131836e+00 2.596632003784179688e+01 7.094696623530590829e-01 1.291395148709670870e-01 1.400555371023767814e-01 6.784985117349134898e-01
1.030000000000000071e+01 -3.360832035541534424e+00 -7.952542901039123535e+00 2.553074359893798828e+01 7.097738845850719569e-01 1.286772125133405220e-01 1.397193648395399779e-01 6.783374579290523121e-01
1.040000000000000036e+01 -3.360370397567749023e+00 -7.952443957328796387e+00 2.509356975555419922e+01 7.100735808277366390e-01 1.282619827803267443e-01 1.394460701837361150e-01 6.781586592339932107e-01
1.050000000000000000e+01 -3.361224830150604248e+00 -7.951906919479370117e+00 2.466930627822875977e+01 7.103726934543380667e-01 1.278710568432017691e-01 1.392413596238584184e-01 6.779612621576029952e-01
1.059999999999999964e+01 -3.361308872699737549e+00 -7.951477766036987305e+00 2.424246072769165039e+01 7.106919824538598940e-01 1.273965785585605692e-01 1.389523622267311020e-01 6.777752274013755240e-01
1.069999999999999929e+01 -3.362902998924255371e+00 -7.951046824455261230e+00 2.381682157516479492e+01 7.109931579102740651e-01 1.270034072865215968e-01 1.387226024326316809e-01 6.775801823523970313e-01
1.080000000000000071e+01 -3.363763391971588135e+00 -7.951043844223022461e+00 2.338300704956054688e+01 7.113072872686571069e-01 1.265752048802164520e-01 1.384563586618447473e-01 6.773850436303845424e-01
1.090000000000000036e+01 -3.362834453582763672e+00 -7.951348423957824707e+00 2.295690774917602539e+01 7.116308467901124590e-01 1.261695364390134078e-01 1.381917543569728679e-01 6.771748850919487861e-01
1.100000000000000000e+01 -3.362389504909515381e+00 -7.951547503471374512e+00 2.254341363906860352e+01 7.119468988635210271e-01 1.258454103001267477e-01 1.379999785051488348e-01 6.769420594390533896e-01
1.109999999999999964e+01 -3.363225162029266357e+00 -7.951657772064208984e+00 2.212848901748657227e+01 7.122776075752168534e-01 1.254477748926684511e-01 1.377694032550138281e-01 6.767149008616264450e-01
1.119999999999999929e+01 -3.363951444625854492e+00 -7.951745986938476562e+00 2.170342922210693359e+01 7.126325730633757960e-01 1.249411749108323422e-01 1.374437770269710812e-01 6.765010914828845090e-01
1.130000000000000071e+01 -3.365360200405120850e+00 -7.951185107231140137e+00 2.128118038177490234e+01 7.129713115205401630e-01 1.245883005241159580e-01 1.372567559266620607e-01 6.762471791243805930e-01
1.140000000000000036e+01 -3.365865349769592285e+00 -7.951245903968811035e+00 2.085323572158813477e+01 7.133441677283528515e-01 1.240974036994039187e-01 1.369506584033647612e-01 6.760062499162972083e-01
1.150000000000000000e+01 -3.366537094116210938e+00 -7.951472401618957520e+00 2.041414976119995117e+01 7.137394606876988901e-01 1.235102851615941244e-01 1.365612783896180682e-01 6.757752651297086466e-01
1.159999999999999964e+01 -3.366825282573699951e+00 -7.951519489288330078e+00 1.997385621070861816e+01 7.141554586513092495e-01 1.228805445479362879e-01 1.361255680396984413e-01 6.755384388589668054e-01
1.169999999999999929e+01 -3.367367386817932129e+00 -7.951502203941345215e+00 1.954035520553588867e+01 7.145588523732183672e-01 1.224127893334804318e-01 1.358553194982913270e-01 6.752511293338826492e-01
1.180000000000000071e+01 -3.368104696273803711e+00 -7.951453328132629395e+00 1.913408160209655762e+01 7.149392752066923151e-01 1.222212062378005282e-01 1.358504458809939031e-01 6.748840388293693149e-01
1.190000000000000036e+01 -3.368222713470458984e+00 -7.950968742370605469e+00 1.868981719017028809e+01 7.153912092283045698e-01 1.217582153772158726e-01 1.356250205356816507e-01 6.745340677472971835e-01
1.200000000000000000e+01 -3.368293344974517822e+00 -7.950795292854309082e+00 1.821605920791625977e+01 7.158781264227964680e-01 1.212501685233006166e-01 1.353674317304143226e-01 6.741606360276229948e-01
1.209999999999999964e+01 -3.367835283279418945e+00 -7.951251268386840820e+00 1.774686694145202637e+01 7.163766136889248015e-01 1.208781522837852895e-01 1.352189261162950462e-01 6.737275871448363818e-01
1.219999999999999929e+01 -3.366660773754119873e+00 -7.951396107673645020e+00 1.722995281219482422e+01 7.169512882374917684e-01 1.202814276508809010e-01 1.348779469302788803e-01 6.732912949747231757e-01
1.230000000000000071e+01 -3.364333212375640869e+00 -7.952150702476501465e+00 1.671846628189086914e+01 7.175518346128140212e-01 1.198146957561350145e-01 1.346487862322451046e-01 6.727804305201154911e-01
1.240000000000000036e+01 -3.363527655601501465e+00 -7.952240705490112305e+00 1.621425509452819824e+01 7.181475306059389441e-01 1.195935306087276828e-01 1.346371129454016213e-01 6.721862536074791894e-01
1.250000000000000000e+01 -3.360543847084045410e+00 -7.953162789344787598e+00 1.570036411285400391e+01 7.188023805378791486e-01 1.192398789868058806e-01 1.344877651313181599e-01 6.715787593590739624e-01
1.259999999999999964e+01 -3.356449007987976074e+00 -7.954632043838500977e+00 1.519346833229064941e+01 7.194646512639044644e-01 1.190772361937765256e-01 1.344652847916090743e-01 6.709026118506856706e-01
1.269999999999999929e+01 -3.353627920150756836e+00 -7.955217361450195312e+00 1.469820976257324219e+01 7.201464594585813561e-01 1.190071730788179183e-01 1.345418815547728686e-01 6.701677788380751011e-01
1.280000000000000071e+01 -3.352846503257751465e+00 -7.955403923988342285e+00 1.420464038848876953e+01 7.208247478902874983e-01 1.190253950755790768e-01 1.346755612229553756e-01 6.694080454889137499e-01
1.290000000000000036e+01 -3.353301286697387695e+00 -7.955191135406494141e+00 1.371574640274047852e+01 7.215539067732166245e-01 1.188631900230414651e-01 1.346873461079998169e-01 6.686485029342689179e-01
1.300000000000000000e+01 -3.354910016059875488e+00 -7.954176664352416992e+00 1.322147369384765625e+01 7.223140219668072737e-01 1.187933170449966269e-01 1.348645035884564747e-01 6.678039885830424627e-01
1.309999999999999964e+01 -3.356359601020812988e+00 -7.953389286994934082e+00 1.270856618881225586e+01 7.231622774088993788e-01 1.183960351152649748e-01 1.347506988659517568e-01 6.669789716002273439e-01
1.319999999999999929e+01 -3.356696367263793945e+00 -7.953225970268249512e+00 1.220075249671936035e+01 7.240295375060562533e-01 1.183086166333950917e-01 1.348157559340427414e-01 6.660397976104666107e-01
1.330000000000000071e+01 -3.357892036437988281e+00 -7.952823042869567871e+00 1.169908404350280762e+01 7.249709848212499974e-01 1.181623887859769573e-01 1.348480997479370447e-01 6.650343683134497530e-01
1.340000000000000036e+01 -3.359365463256835938e+00 -7.952182888984680176e+00 1.119084119796752930e+01 7.260095045219854271e-01 1.179909715499763978e-01 1.348852675755752850e-01 6.639234101667899068e-01
1.350000000000000000e+01 -3.360333740711212158e+00 -7.951774001121520996e+00 1.066667556762695312e+01 7.271596359436017787e-01 1.177628031827805399e-01 1.348501989980379900e-01 6.627112567861600523e-01
1.359999999999999964e+01 -3.360843062400817871e+00 -7.951454520225524902e+00 1.013511896133422852e+01 7.284429927946141081e-01 1.175316920190898617e-01 1.348067980239628649e-01 6.613503117305400414e-01
1.369999999999999929e+01 -3.360828757286071777e+00 -7.951365709304809570e+00 9.575176239013671875e+00 7.299022095526708220e-01 1.171087104283602409e-01 1.345628259384750725e-01 6.598645014754073168e-01
1.380000000000000071e+01 -3.360762596130371094e+00 -7.951830029487609863e+00 9.000178575515747070e+00 7.315102302044301785e-01 1.168439517695175622e-01 1.343341872875373211e-01 6.581752047646133308e-01
1.390000000000000036e+01 -3.360914885997772217e+00 -7.952244877815246582e+00 8.410544395446777344e+00 7.333314857961603650e-01 1.167402838293243317e-01 1.341655027003895440e-01 6.561983358380275577e-01
1.400000000000000000e+01 -3.359563946723937988e+00 -7.953627705574035645e+00 7.806450724601745605e+00 7.354011586009294721e-01 1.166966637122549555e-01 1.338745496282700009e-01 6.539454331736458403e-01
1.409999999999999964e+01 -3.356965780258178711e+00 -7.955133914947509766e+00 7.202699780464172363e+00 7.378093528788551847e-01 1.170502714470709194e-01 1.336372478574642531e-01 6.512124682035310697e-01
1.419999999999999929e+01 -3.354429900646209717e+00 -7.956240773200988770e+00 6.606415510177612305e+00 7.405831032329157626e-01 1.174902031615937537e-01 1.331894349507631858e-01 6.480688958625067109e-01
1.430000000000000071e+01 -3.354087769985198975e+00 -7.957239151000976562e+00 5.990979671478271484e+00 7.437869430005457083e-01 1.180108926700587091e-01 1.324101493888630576e-01 6.444547811692750150e-01
1.440000000000000036e+01 -3.353440761566162109e+00 -7.957515716552734375e+00 5.389577746391296387e+00 7.475727179288491620e-01 1.190667496960983174e-01 1.314273118122948614e-01 6.400664045511784694e-01
1.450000000000000000e+01 -3.354404270648956299e+00 -7.957568168640136719e+00 4.792247712612152100e+00 7.521078586523494147e-01 1.209568718031698298e-01 1.300979830469135012e-01 6.346477124547862392e-01
1.459999999999999964e+01 -3.355484306812286377e+00 -7.957358956336975098e+00 4.164125919342041016e+00 7.577466300871780192e-01 1.234473925620804824e-01 1.278800567074205308e-01 6.278753673760868459e-01
1.469999999999999929e+01 -3.354689776897430420e+00 -7.958210706710815430e+00 3.546419441699981689e+00 7.649637976868075562e-01 1.281042833611243381e-01 1.244752640242049180e-01 6.188098168736615445e-01
1.480000000000000071e+01 -3.356143236160278320e+00 -7.958071827888488770e+00 2.918632030487060547e+00 7.749374165389383284e-01 1.364048012363934248e-01 1.187102229244824947e-01 6.056183729221193968e-01
1.490000000000000036e+01 -3.356120884418487549e+00 -7.958922386169433594e+00 2.293983548879623413e+00 7.896758526155992497e-01 1.524278766925192263e-01 1.079237951449688315e-01 5.844058903231067470e-01
1.500000000000000000e+01 -3.358148038387298584e+00 -7.958886027336120605e+00 1.650205403566360474e+00 8.146360146299854721e-01 1.879937622394195484e-01 8.362315333175483756e-02 5.422487226851682163e-01
1.509999999999999964e+01 -3.357875943183898926e+00 -7.959674596786499023e+00 1.003130450844764709e+00 8.607708771019082494e-01 2.942765174774812365e-01 6.615201756574817793e-03 4.152481998759996462e-01
1.519999999999999929e+01 -3.358252346515655518e+00 -7.959880828857421875e+00 3.523514792323112488e-01 -7.921558196482033631e-01 -5.586984710389883979e-01 2.394771634669573823e-01 5.473448669714686687e-02
1.530000000000000071e+01 -3.359253704547882080e+00 -7.960042953491210938e+00 -3.006475232541561127e-01 -6.199709145019862699e-01 -6.190427949234078575e-01 3.557680770152715222e-01 3.253477502639949281e-01
1.540000000000000036e+01 -3.359717726707458496e+00 -7.960520386695861816e+00 -9.545503556728363037e-01 -5.587390746746614401e-01 -6.171123935677413908e-01 3.877010014898484846e-01 3.958167171565198927e-01
1.550000000000000000e+01 -3.361638784408569336e+00 -7.960758805274963379e+00 -1.614354401826858521e+00 -5.318244142521230122e-01 -6.108487023904419777e-01 4.041948494202698416e-01 4.250331503487989604e-01
1.559999999999999964e+01 -3.361834287643432617e+00 -7.960878014564514160e+00 -2.270223647356033325e+00 -5.175824283250007873e-01 -6.046360157666794688e-01 4.153239004304762894e-01 4.404881111428622376e-01
1.569999999999999929e+01 -3.362920284271240234e+00 -7.960780262947082520e+00 -2.936004698276519775e+00 -5.088776537832826463e-01 -5.989390606233780945e-01 4.238931505532706479e-01 4.501445679485964191e-01
1.580000000000000071e+01 -3.364136815071105957e+00 -7.961199283599853516e+00 -3.594736456871032715e+00 -5.032254268187043023e-01 -5.938545828793737602e-01 4.308052826412980263e-01 4.566264475965559066e-01
1.590000000000000036e+01 -3.365129828453063965e+00 -7.961114048957824707e+00 -4.261514842510223389e+00 -4.992970692678539990e-01 -5.892916608325133865e-01 4.366373131559568854e-01 4.612869300703594799e-01
1.600000000000000000e+01 -3.365930616855621338e+00 -7.960972785949707031e+00 -4.931636750698089600e+00 -4.964715294512290211e-01 -5.852153843666256794e-01 4.416319042050159682e-01 4.647582549382330841e-01
1.610000000000000142e+01 -3.365262150764465332e+00 -7.962078452110290527e+00 -5.578102469444274902e+00 -4.944517449350099847e-01 -5.815479749154018885e-01 4.459502981320718762e-01 4.673839496585597830e-01
1.619999999999999929e+01 -3.366230130195617676e+00 -7.962036132812500000e+00 -6.236377358436584473e+00 -4.928447286050797183e-01 -5.782134417777299307e-01 4.497928571663235009e-01 4.695313353503600129e-01
1.630000000000000071e+01 -3.364915251731872559e+00 -7.962105870246887207e+00 -6.908840537071228027e+00 -4.916047019512168048e-01 -5.752238453806639562e-01 4.532131021622121114e-01 4.712114480288457363e-01
1.639999999999999858e+01 -3.361727297306060791e+00 -7.962846159934997559e+00 -7.558866739273071289e+00 -4.906388926703174613e-01 -5.725365749490393119e-01 4.562753956024355739e-01 4.725337138371287216e-01
1.650000000000000000e+01 -3.361832201480865479e+00 -7.962313294410705566e+00 -8.202709555625915527e+00 -4.898232752470582096e-01 -5.700451871802811876e-01 4.590440276439460288e-01 4.737090080241936896e-01
1.660000000000000142e+01 -3.361787199974060059e+00 -7.961813807487487793e+00 -8.858205676078796387e+00 -4.891454962959164154e-01 -5.677886458452771068e-01 4.615376564111569602e-01 4.746954063577035199e-01
1.669999999999999929e+01 -3.361690938472747803e+00 -7.961615920066833496e+00 -9.299287796020507812e+00 -4.887583891116060730e-01 -5.664208156648258274e-01 4.630593463159469736e-01 4.752459767784133482e-01
1.680000000000000071e+01 -3.361061513423919678e+00 -7.962217926979064941e+00 -9.969328045845031738e+00 -4.882561986350615335e-01 -5.644975218611787415e-01 4.651816549719655636e-01 4.759773736056907567e-01
1.689999999999999858e+01 -3.361086547374725342e+00 -7.962185144424438477e+00 -1.062047719955444336e+01 -4.878459238376060547e-01 -5.627073895394556491e-01 4.671267343648696779e-01 4.766123817048140698e-01
1.700000000000000000e+01 -3.361939191818237305e+00 -7.962344288825988770e+00 -1.127746224403381348e+01 -4.874770778111175984e-01 -5.610458382221710227e-01 4.689174777512061798e-01 4.771897579388747479e-01
1.710000000000000142e+01 -3.361794352531433105e+00 -7.962476015090942383e+00 -1.193403482437133789e+01 -4.871624433123180054e-01 -5.594989172176277892e-01 4.705891925007158472e-01 4.776814078021023313e-01
1.719999999999999929e+01 -3.362061679363250732e+00 -7.962561845779418945e+00 -1.257822871208190918e+01 -4.869037962666496466e-01 -5.580446201590814059e-01 4.721334375871154565e-01 4.781222774613254622e-01
1.730000000000000071e+01 -3.362734615802764893e+00 -7.962992787361145020e+00 -1.321663856506347656e+01 -4.866771399248483454e-01 -5.566571105565091271e-01 4.735775951063700417e-01 4.785420401121660561e-01
1.739999999999999858e+01 -3.361309766769409180e+00 -7.963557243347167969e+00 -1.386787056922912598e+01 -4.864647693079183766e-01 -5.553943907100076238e-01 4.749404349709078210e-01 4.788743908580823661e-01
1.750000000000000000e+01 -3.360422253608703613e+00 -7.963968515396118164e+00 -1.451540827751159668e+01 -4.862810613425500028e-01 -5.542132250365415791e-01 4.762115592003539621e-01 4.791669661591103635e-01
1.760000000000000142e+01 -3.361487686634063721e+00 -7.963967919349670410e+00 -1.515650153160095215e+01 -4.861142511604173433e-01 -5.530821438571575932e-01 4.773941988631891786e-01 4.794662197244871082e-01
1.769999999999999929e+01 -3.360474109649658203e+00 -7.964055538177490234e+00 -1.580039143562316895e+01 -4.859800301915481735e-01 -5.520384968624009181e-01 4.785064663991877576e-01 4.796962266383661966e-01
1.780000000000000071e+01 -3.360706567764282227e+00 -7.964249849319458008e+00 -1.644349217414855957e+01 -4.858560813711992332e-01 -5.510365890501348618e-01 4.795490087698566217e-01 4.799325930903869386e-01
1.789999999999999858e+01 -3.359217643737792969e+00 -7.965115904808044434e+00 -1.708627223968505859e+01 -4.857466152684012939e-01 -5.500837943964140830e-01 4.805491186194820741e-01 4.801360114506872390e-01
1.800000000000000000e+01 -3.356529176235198975e+00 -7.965524792671203613e+00 -1.772216558456420898e+01 -4.856561453731889078e-01 -5.491930902155089944e-01 4.814996752492530785e-01 4.802948270132205155e-01
1.810000000000000142e+01 -3.354669809341430664e+00 -7.966565489768981934e+00 -1.834536790847778320e+01 -4.855778222588992832e-01 -5.483579527843945867e-01 4.823753938814916986e-01 4.804494911289725056e-01
1.819999999999999929e+01 -3.352442383766174316e+00 -7.967085838317871094e+00 -1.896781921386718750e+01 -4.855053714071519977e-01 -5.475651652169016836e-01 4.832112884591226454e-01 4.805869066895863129e-01
1.830000000000000071e+01 -3.350109159946441650e+00 -7.967513203620910645e+00 -1.957559943199157715e+01 -4.854437528319746620e-01 -5.468121413837532252e-01 4.840008511013163539e-01 4.807119938226256384e-01
1.839999999999999858e+01 -3.347494602203369141e+00 -7.968372106552124023e+00 -2.016933441162109375e+01 -4.853971054599456325e-01 -5.461020893912424956e-01 4.847357852201213402e-01 4.808257236261992418e-01
1.850000000000000000e+01 -3.345915973186492920e+00 -7.968720197677612305e+00 -2.076730728149414062e+01 -4.853426436518629150e-01 -5.454455813409272436e-01 4.854263038273305408e-01 4.809292459408293086e-01
1.860000000000000142e+01 -3.343302905559539795e+00 -7.969188690185546875e+00 -2.135145902633666992e+01 -4.852931806473873566e-01 -5.448270850884178174e-01 4.860853519116622445e-01 4.810145598920223531e-01
1.869999999999999929e+01 -3.340860307216644287e+00 -7.970144152641296387e+00 -2.191805601119995117e+01 -4.852386256734941838e-01 -5.442480556543755066e-01 4.867104906823076504e-01 4.810929518614028844e-01
1.880000000000000071e+01 -3.339548408985137939e+00 -7.970827221870422363e+00 -2.248607158660888672e+01 -4.851808554324388290e-01 -5.437076656210180214e-01 4.872958390651874194e-01 4.811696967770779376e-01
1.889999999999999858e+01 -3.336674273014068604e+00 -7.971525192260742188e+00 -2.304294109344482422e+01 -4.851423432577016692e-01 -5.431922511104455564e-01 4.878510659303916808e-01 4.812280359482118963e-01
1.900000000000000000e+01 -3.334140777587890625e+00 -7.971912026405334473e+00 -2.358821153640747070e+01 -4.850990222189467960e-01 -5.427028778455769142e-01 4.883811004307270776e-01 4.812862202083304508e-01
1.910000000000000142e+01 -3.330680131912231445e+00 -7.972937226295471191e+00 -2.413493156433105469e+01 -4.850647363824936442e-01 -5.422458702619488147e-01 4.888843523079656750e-01 4.813249502887476106e-01
1.919999999999999929e+01 -3.328945934772491455e+00 -7.973631024360656738e+00 -2.466159105300903320e+01 -4.850489747310459121e-01 -5.417921842125978937e-01 4.893415819145319201e-01 4.813870973010052068e-01
1.930000000000000071e+01 -3.327598273754119873e+00 -7.974432706832885742e+00 -2.518400907516479492e+01 -4.850325740904340988e-01 -5.413584715251407165e-01 4.897758675518758542e-01 4.814499007612104142e-01
1.939999999999999858e+01 -3.324081599712371826e+00 -7.975707650184631348e+00 -2.570167303085327148e+01 -4.850081849037808368e-01 -5.409590154213509416e-01 4.902106307897456938e-01 4.814809878608101723e-01
1.950000000000000000e+01 -3.320716023445129395e+00 -7.976476550102233887e+00 -2.620084285736083984e+01 -4.849868210070050756e-01 -5.405676967085703000e-01 4.906283175476546243e-01 4.815165653900892462e-01
1.960000000000000142e+01 -3.317804038524627686e+00 -7.977176308631896973e+00 -2.669199943542480469e+01 -4.849691686955134307e-01 -5.401987152557908844e-01 4.910187692767058465e-01 4.815504352285072676e-01
1.969999999999999929e+01 -3.316895663738250732e+00 -7.977764010429382324e+00 -2.718464136123657227e+01 -4.849520158348791798e-01 -5.398376209882483900e-01 4.913816054653220577e-01 4.816025364486341553e-01
1.980000000000000071e+01 -3.313541710376739502e+00 -7.978922128677368164e+00 -2.767650127410888672e+01 -4.849250070289258252e-01 -5.395106647231130426e-01 4.917514785947975087e-01 4.816185871702335919e-01
1.989999999999999858e+01 -3.304753899574279785e+00 -7.981834411621093750e+00 -2.816965103149414062e+01 -4.848733157483114953e-01 -5.392502633227169717e-01 4.921467313925620424e-01 4.815585280744558716e-01
2.000000000000000000e+01 -3.300881683826446533e+00 -7.982197403907775879e+00 -2.851811408996582031e+01 -4.849038157900363855e-01 -5.389383580127745654e-01 4.924200054286431705e-01 4.815976266017227836e-01
2.010000000000000142e+01 -3.300032913684844971e+00 -7.982131838798522949e+00 -2.886177062988281250e+01 -4.849168368000951745e-01 -5.386652341584052817e-01 4.926519730554749787e-01 4.816528421398635906e-01
2.019999999999999929e+01 -3.298031389713287354e+00 -7.982568740844726562e+00 -2.920318841934204102e+01 -4.849081293869024201e-01 -5.384419682702820120e-01 4.928772499247929817e-01 4.816807753754476784e-01
2.030000000000000071e+01 -3.295807540416717529e+00 -7.982977628707885742e+00 -2.949603319168090820e+01 -4.849138513445124810e-01 -5.382517167779784506e-01 4.930567436175321561e-01 4.817039482224176883e-01
2.039999999999999858e+01 -3.294265866279602051e+00 -7.983572483062744141e+00 -2.972422599792480469e+01 -4.849292417260752663e-01 -5.380853134134865323e-01 4.931924091631844087e-01 4.817354808932979848e-01
2.050000000000000000e+01 -3.294047117233276367e+00 -7.982691526412963867e+00 -2.990114450454711914e+01 -4.849304637583286004e-01 -5.379606195711414962e-01 4.933056227915616487e-01 4.817575942649952037e-01
2.060000000000000142e+01 -3.293355107307434082e+00 -7.982047796249389648e+00 -3.003942966461181641e+01 -4.849246216907238116e-01 -5.378619089453210433e-01 4.934100512885971068e-01 4.817667479924155893e-01
2.069999999999999929e+01 -3.293067216873168945e+00 -7.981787919998168945e+00 -3.015999794006347656e+01 -4.849111948487258017e-01 -5.377779875099820694e-01 4.935077832702634559e-01 4.817738443624411948e-01
2.080000000000000071e+01 -3.292793035507202148e+00 -7.981550097465515137e+00 -3.028939485549926758e+01 -4.848851919339753902e-01 -5.377099097721511622e-01 4.936099023433070387e-01 4.817713854979432941e-01
2.089999999999999858e+01 -3.292702436447143555e+00 -7.981430888175964355e+00 -3.041162490844726562e+01 -4.848591508346744017e-01 -5.376492304196217598e-01 4.937082429166458897e-01 4.817645480493824017e-01
2.100000000000000000e+01 -3.293488323688507080e+00 -7.981243133544921875e+00 -3.053398132324218750e+01 -4.848421459323239979e-01 -5.375886775030963571e-01 4.937903315922864134e-01 4.817651043550067458e-01
2.110000000000000142e+01 -3.292623758316040039e+00 -7.981723546981811523e+00 -3.065189599990844727e+01 -4.848230998324278285e-01 -5.375352550225318549e-01 4.938809771938925119e-01 4.817509645478091351e-01
2.119999999999999929e+01 -3.293685615062713623e+00 -7.981165051460266113e+00 -3.077422142028808594e+01 -4.848023635889615601e-01 -5.374742169642363621e-01 4.939657831634264862e-01 4.817529858973161883e-01
2.130000000000000071e+01 -3.292919099330902100e+00 -7.981315255165100098e+00 -3.090108871459960938e+01 -4.847813998692803161e-01 -5.374071448080315339e-01 4.940639624686503084e-01 4.817482288912304234e-01
2.139999999999999858e+01 -3.294486701488494873e+00 -7.980900406837463379e+00 -3.103841304779052734e+01 -4.847641623053033921e-01 -5.373301261099293624e-01 4.941494358258786690e-01 4.817638193057782181e-01
2.150000000000000000e+01 -3.296104371547698975e+00 -7.980130910873413086e+00 -3.118880271911621094e+01 -4.847498145358614119e-01 -5.372470485533030748e-01 4.942367294819793311e-01 4.817813626108520819e-01
2.160000000000000142e+01 -3.297273814678192139e+00 -7.979270219802856445e+00 -3.135706424713134766e+01 -4.847354426146866513e-01 -5.371510434976075610e-01 4.943349456023750088e-01 4.818021053283933486e-01
2.169999999999999929e+01 -3.298712074756622314e+00 -7.978724241256713867e+00 -3.153748512268066406e+01 -4.847272750664951557e-01 -5.370427496480092433e-01 4.944317756348619586e-01 4.818316854459385734e-01
2.180000000000000071e+01 -3.301209211349487305e+00 -7.977418899536132812e+00 -3.173811435699462891e+01 -4.847207667945053200e-01 -5.369225432700378553e-01 4.945315262786958987e-01 4.818698271141752532e-01
2.189999999999999858e+01 -3.303910195827484131e+00 -7.976346611976623535e+00 -3.195618391036987305e+01 -4.847173012860719887e-01 -5.367835455596050576e-01 4.946362129226286597e-01 4.819207195337904537e-01
2.200000000000000000e+01 -3.306332230567932129e+00 -7.975112795829772949e+00 -3.219736576080322266e+01 -4.847082210158252247e-01 -5.366379738398374677e-01 4.947582225431205738e-01 4.819667278336949856e-01
2.210000000000000142e+01 -3.307850360870361328e+00 -7.973884940147399902e+00 -3.247378110885620117e+01 -4.847012148294603251e-01 -5.364904357248150291e-01 4.948927541857534584e-01 4.819999030841009557e-01
2.219999999999999929e+01 -3.308806419372558594e+00 -7.973792552947998047e+00 -3.277227878570556641e+01 -4.847005364475289735e-01 -5.363248373252992307e-01 4.950355591026802671e-01 4.820382288360185452e-01
2.230000000000000071e+01 -3.309432268142700195e+00 -7.973259687423706055e+00 -3.310798645019531250e+01 -4.847079278873992481e-01 -5.361381108363357795e-01 4.951864457615610116e-01 4.820835349666920955e-01
2.239999999999999858e+01 -3.309874832630157471e+00 -7.973222136497497559e+00 -3.347436189651489258e+01 -4.847156965452103505e-01 -5.359427021101730304e-01 4.953447574159516309e-01 4.821303608756343229e-01
2.250000000000000000e+01 -3.309176266193389893e+00 -7.973988056182861328e+00 -3.384433031082153320e+01 -4.847228108128290858e-01 -5.357378377889853160e-01 4.955192812626297294e-01 4.821715542582946101e-01
2.260000000000000142e+01 -3.309165537357330322e+00 -7.973808646202087402e+00 -3.424882173538208008e+01 -4.847225849666018105e-01 -5.355354863971085733e-01 4.957021621795933419e-01 4.822085905945519557e-01
2.269999999999999929e+01 -3.308970928192138672e+00 -7.973585128784179688e+00 -3.466711997985839844e+01 -4.847253832328035084e-01 -5.353221656294292474e-01 4.958907968389791865e-01 4.822486904554857956e-01
2.280000000000000071e+01 -3.308482170104980469e+00 -7.973576784133911133e+00 -3.510491371154785156e+01 -4.847216696678575687e-01 -5.351110784201732473e-01 4.960903796401164856e-01 4.822814239994405172e-01
2.289999999999999858e+01 -3.308683931827545166e+00 -7.973369359970092773e+00 -3.556128263473510742e+01 -4.847194084251898460e-01 -5.348940757939867341e-01 4.962893961598205950e-01 4.823196637456849123e-01
2.300000000000000000e+01 -3.307076692581176758e+00 -7.973692417144775391e+00 -3.601793527603149414e+01 -4.847136291928811347e-01 -5.346787726446535771e-01 4.965031491791225271e-01 4.823442034616846064e-01
2.310000000000000142e+01 -3.307446241378784180e+00 -7.973805069923400879e+00 -3.650209665298461914e+01 -4.847132716710822464e-01 -5.344484073260877821e-01 4.967056050252428578e-01 4.823914241661334534e-01
2.319999999999999929e+01 -3.308082222938537598e+00 -7.973870038986206055e+00 -3.700984477996826172e+01 -4.847094098884504043e-01 -5.342169856289100682e-01 4.969117100134934351e-01 4.824393772098387601e-01
2.330000000000000071e+01 -3.308167159557342529e+00 -7.974115014076232910e+00 -3.753273963928222656e+01 -4.846960340992071403e-01 -5.339935543393903306e-01 4.971296572154840776e-01 4.824756391459578686e-01
2.339999999999999858e+01 -3.307931721210479736e+00 -7.973714470863342285e+00 -3.808301210403442383e+01 -4.846661179649185414e-01 -5.337930793912843974e-01 4.973621362200104645e-01 4.824879355439398720e-01
2.350000000000000000e+01 -3.307213783264160156e+00 -7.974239587783813477e+00 -3.864258766174316406e+01 -4.846490486519438035e-01 -5.335798021582882633e-01 4.975862509251076093e-01 4.825099141569876293e-01
2.360000000000000142e+01 -3.306328654289245605e+00 -7.974622249603271484e+00 -3.920499563217163086e+01 -4.846413233235487006e-01 -5.333545340971942439e-01 4.978060012813831370e-01 4.825400644230528613e-01
2.369999999999999929e+01 -3.306572437286376953e+00 -7.974689006805419922e+00 -3.978688240051269531e+01 -4.846421009388887646e-01 -5.331225357311604185e-01 4.980122232427184326e-01 4.825828647952206119e-01
2.380000000000000071e+01 -3.305146992206573486e+00 -7.975478172302246094e+00 -4.037180423736572266e+01 -4.846378004088429114e-01 -5.328975495022599818e-01 4.982286173916689598e-01 4.826123174571403940e-01
2.389999999999999858e+01 -3.304228782653808594e+00 -7.975832819938659668e+00 -4.096960544586181641e+01 -4.846345890877177820e-01 -5.326751592261503854e-01 4.984412082043542247e-01 4.826415354763392562e-01
2.400000000000000000e+01 -3.303520977497100830e+00 -7.975545525550842285e+00 -4.157790660858154297e+01 -4.846252985295559368e-01 -5.324624177147534443e-01 4.986565990082109656e-01 4.826631226974594790e-01
2.410000000000000142e+01 -3.301769793033599854e+00 -7.975912690162658691e+00 -4.219969749450683594e+01 -4.846168363563139181e-01 -5.322498415367583613e-01 4.988736837873900543e-01 4.826817540869878798e-01
2.419999999999999929e+01 -3.300460875034332275e+00 -7.976793646812438965e+00 -4.282350063323974609e+01 -4.846204489516081626e-01 -5.320258156789134940e-01 4.990770895469798241e-01 4.827148336217204627e-01
2.430000000000000071e+01 -3.298411965370178223e+00 -7.977705597877502441e+00 -4.347658157348632812e+01 -4.846208996307015404e-01 -5.318093873614192502e-01 4.992835343099776280e-01 4.827393826096426643e-01
2.439999999999999858e+01 -3.297220468521118164e+00 -7.978381514549255371e+00 -4.413656234741210938e+01 -4.846284701929842731e-01 -5.315860693901499623e-01 4.994799770455907728e-01 4.827745325089904949e-01
2.450000000000000000e+01 -3.295679688453674316e+00 -7.978954911231994629e+00 -4.481573581695556641e+01 -4.846307646850120943e-01 -5.313684735037520479e-01 4.996797206429549609e-01 4.828050787484446937e-01
2.460000000000000142e+01 -3.293575644493103027e+00 -7.979485988616943359e+00 -4.550356864929199219e+01 -4.846372715000945575e-01 -5.311540581376364978e-01 4.998761419719943699e-01 4.828311550470394398e-01
2.469999999999999929e+01 -3.291976153850555420e+00 -7.980089187622070312e+00 -4.620778560638427734e+01 -4.846379366001856148e-01 -5.309463001824554773e-01 5.000719814948962894e-01 4.828562001820467797e-01
2.480000000000000071e+01 -3.290125131607055664e+00 -7.980892658233642578e+00 -4.692708492279052734e+01 -4.846383234444479604e-01 -5.307395696342326330e-01 5.002664299104162549e-01 4.828816664340351839e-01
2.489999999999999858e+01 -3.288235366344451904e+00 -7.981418371200561523e+00 -4.764365196228027344e+01 -4.846296665924547664e-01 -5.305475254355198622e-01 5.004652638872553183e-01 4.828953604612421513e-01
2.500000000000000000e+01 -3.287727832794189453e+00 -7.981029748916625977e+00 -4.836231708526611328e+01 -4.846282143068353920e-01 -5.303465642669011881e-01 5.006523374706288720e-01 4.829236509566051105e-01
2.510000000000000142e+01 -3.286187350749969482e+00 -7.981240749359130859e+00 -4.908672809600830078e+01 -4.846261863589953478e-01 -5.301544065785666060e-01 5.008390481946071171e-01 4.829430737509176064e-01
2.519999999999999929e+01 -3.284947276115417480e+00 -7.981852889060974121e+00 -4.981798171997070312e+01 -4.846167207820771816e-01 -5.299694263290896101e-01 5.010280751474801564e-01 4.829595314401121109e-01
2.530000000000000071e+01 -3.284048736095428467e+00 -7.982179522514343262e+00 -5.055045127868652344e+01 -4.846104316960131442e-01 -5.297864259101685569e-01 5.012103947517247970e-01 4.829774452348207237e-01
2.539999999999999858e+01 -3.282085359096527100e+00 -7.983539700508117676e+00 -5.127788066864013672e+01 -4.846091452806349786e-01 -5.296012817176073417e-01 5.013891236919786332e-01 4.829962788229643644e-01
2.550000000000000000e+01 -3.280638754367828369e+00 -7.984129786491394043e+00 -5.202133655548095703e+01 -4.845959097023478379e-01 -5.294305670555323751e-01 5.015737897276009161e-01 4.830049817810400103e-01
2.560000000000000142e+01 -3.279020488262176514e+00 -7.985157370567321777e+00 -5.276793956756591797e+01 -4.845862117754698994e-01 -5.292588693648058173e-01 5.017528935704792525e-01 4.830168592807483341e-01
2.569999999999999929e+01 -3.276886641979217529e+00 -7.986001968383789062e+00 -5.350997447967529297e+01 -4.845867200225389415e-01 -5.290811779119074520e-01 5.019236752368729793e-01 4.830335828841058055e-01
2.580000000000000071e+01 -3.274711966514587402e+00 -7.987200021743774414e+00 -5.424550056457519531e+01 -4.845943997836996142e-01 -5.288982053829489605e-01 5.020852564083236880e-01 4.830583311965117588e-01
2.589999999999999858e+01 -3.272888958454132080e+00 -7.988413572311401367e+00 -5.501149654388427734e+01 -4.845939984234087783e-01 -5.287268483760706461e-01 5.022477408856749204e-01 4.830774091939685766e-01
2.600000000000000000e+01 -3.270229101181030273e+00 -7.989675998687744141e+00 -5.576212406158447266e+01 -4.845890867634154442e-01 -5.285625151878746708e-01 5.024153756075212529e-01 4.830878542058564262e-01
2.610000000000000142e+01 -3.266879618167877197e+00 -7.990780472755432129e+00 -5.652541160583496094e+01 -4.845803083930298460e-01 -5.284125867190165859e-01 5.025832976972338662e-01 4.830860086883167481e-01
2.619999999999999929e+01 -3.264848887920379639e+00 -7.991704344749450684e+00 -5.727701663970947266e+01 -4.845840991600914305e-01 -5.282479134724363812e-01 5.027343760230922332e-01 4.831051023513336373e-01
2.630000000000000071e+01 -3.262883424758911133e+00 -7.992888689041137695e+00 -5.804222583770751953e+01 -4.845816400155509851e-01 -5.280946699707249614e-01 5.028857330499412193e-01 4.831175769967106515e-01
2.639999999999999858e+01 -3.260815143585205078e+00 -7.994128465652465820e+00 -5.880585193634033203e+01 -4.845831345558295755e-01 -5.279347170508976728e-01 5.030337132857031213e-01 4.831368372774232922e-01
2.650000000000000000e+01 -3.258441388607025146e+00 -7.995117902755737305e+00 -5.956977844238281250e+01 -4.845825776907267679e-01 -5.277853920400101817e-01 5.031803232337639376e-01 4.831478734902473482e-01
2.660000000000000142e+01 -3.256887793540954590e+00 -7.996001839637756348e+00 -6.033392906188964844e+01 -4.845864147412112799e-01 -5.276317524084571664e-01 5.033179968443960428e-01 4.831684329001472156e-01
2.669999999999999929e+01 -3.255090713500976562e+00 -7.997071146965026855e+00 -6.109208106994628906e+01 -4.845960369341406060e-01 -5.274748241753137723e-01 5.034489220873151760e-01 4.831937227428216852e-01
2.680000000000000071e+01 -3.252485394477844238e+00 -7.998347878456115723e+00 -6.186684131622314453e+01 -4.845946120290491876e-01 -5.273355027823184438e-01 5.035876266278790370e-01 4.832026819100193604e-01
2.689999999999999858e+01 -3.250585198402404785e+00 -7.998911142349243164e+00 -6.263848781585693359e+01 -4.845950201074454289e-01 -5.271973218396968086e-01 5.037208687766888682e-01 4.832141726925781589e-01
2.700000000000000000e+01 -3.247949481010437012e+00 -8.000769615173339844e+00 -6.341275215148925781e+01 -4.846005133677813159e-01 -5.270528552293112234e-01 5.038494381824882851e-01 4.832322152769866763e-01
2.710000000000000142e+01 -3.244833052158355713e+00 -8.001860380172729492e+00 -6.418832302093505859e+01 -4.846005478408493827e-01 -5.269216706011505824e-01 5.039812262567457957e-01 4.832378148117019157e-01
2.719999999999999929e+01 -3.242323696613311768e+00 -8.002883195877075195e+00 -6.496661663055419922e+01 -4.845981560837674951e-01 -5.267923715699905918e-01 5.041113612358191221e-01 4.832454447264314945e-01
2.730000000000000071e+01 -3.238818347454071045e+00 -8.004173040390014648e+00 -6.574392318725585938e+01 -4.845855140760103041e-01 -5.266747518417003171e-01 5.042517059881508334e-01 4.832399014239323609e-01
2.739999999999999858e+01 -3.234014213085174561e+00 -8.005735874176025391e+00 -6.651026248931884766e+01 -4.845642662041910742e-01 -5.265728448758224545e-01 5.043997344747730427e-01 4.832177757690168107e-01
2.750000000000000000e+01 -3.229956626892089844e+00 -8.007244467735290527e+00 -6.725058078765869141e+01 -4.845415761199500237e-01 -5.264744861889691929e-01 5.045435508516254997e-01 4.831975596971582743e-01
2.760000000000000142e+01 -3.226380944252014160e+00 -8.008418083190917969e+00 -6.799108505249023438e+01 -4.845031583335474568e-01 -5.263955555465460456e-01 5.046954813226872671e-01 4.831634090016772021e-01
2.769999999999999929e+01 -3.223837614059448242e+00 -8.009128570556640625e+00 -6.870516777038574219e+01 -4.844664216687226133e-01 -5.263158641678377103e-01 5.048402834970683317e-01 4.831357837703247338e-01
2.780000000000000071e+01 -3.221854567527770996e+00 -8.009049892425537109e+00 -6.941138744354248047e+01 -4.844400472396737101e-01 -5.262304030865647686e-01 5.049714425006861518e-01 4.831182523529299333e-01
2.789999999999999858e+01 -3.220686614513397217e+00 -8.009074330329895020e+00 -7.008219242095947266e+01 -4.844283696122805849e-01 -5.261324134991027801e-01 5.050845345733370184e-01 4.831184648874763399e-01
2.800000000000000000e+01 -3.218747079372406006e+00 -8.009429574012756348e+00 -7.077205657958984375e+01 -4.843901284755796621e-01 -5.260637693253960023e-01 5.052192484109694348e-01 4.830907006697842121e-01
2.810000000000000142e+01 -3.213374316692352295e+00 -8.010874390602111816e+00 -7.146298885345458984e+01 -4.843371018581249521e-01 -5.260194048561349645e-01 5.053723958275837536e-01 4.830319854978115668e-01
2.819999999999999929e+01 -3.199925422668457031e+00 -8.016149997711181641e+00 -7.213871955871582031e+01 -4.842440960652458770e-01 -5.260266441942313964e-01 5.055769713896645090e-01 4.829032522402011418e-01
2.830000000000000071e+01 -3.197393119335174561e+00 -8.016287684440612793e+00 -7.265420436859130859e+01 -4.842717313683674862e-01 -5.259170840646915090e-01 5.056399550456091019e-01 4.829289251513628756e-01
2.839999999999999858e+01 -3.196873664855957031e+00 -8.015803098678588867e+00 -7.313194274902343750e+01 -4.843268482973234201e-01 -5.257840306203600544e-01 5.056671161963277594e-01 4.829900876422615896e-01
2.850000000000000000e+01 -3.194664716720581055e+00 -8.016777634620666504e+00 -7.365346431732177734e+01 -4.843334453980225329e-01 -5.257036195636954901e-01 5.057342381764260431e-01 4.830007229628336951e-01
2.860000000000000142e+01 -3.193192481994628906e+00 -8.017828464508056641e+00 -7.416694641113281250e+01 -4.843239476730584747e-01 -5.256418009304835159e-01 5.058079368919896623e-01 4.830003538321796519e-01
2.869999999999999929e+01 -3.192158639430999756e+00 -8.018102645874023438e+00 -7.461705684661865234e+01 -4.843340980569608711e-01 -5.255735845835649567e-01 5.058555065879085655e-01 4.830145909825322992e-01
2.880000000000000071e+01 -3.190137147903442383e+00 -8.018323779106140137e+00 -7.503439903259277344e+01 -4.843389623851768744e-01 -5.255170064192317136e-01 5.059046919408898280e-01 4.830197595875486138e-01
2.889999999999999858e+01 -3.189512491226196289e+00 -8.019202947616577148e+00 -7.540176391601562500e+01 -4.843567711633829376e-01 -5.254527622538212039e-01 5.059320218186674767e-01 4.830431680155377050e-01
2.900000000000000000e+01 -3.186513781547546387e+00 -8.020048141479492188e+00 -7.571643829345703125e+01 -4.843734927659505418e-01 -5.254006234698829214e-01 5.059600688999852380e-01 4.830537372196742618e-01
2.910000000000000142e+01 -3.184583187103271484e+00 -8.020721077919006348e+00 -7.597788810729980469e+01 -4.843973921214987932e-01 -5.253456179765395584e-01 5.059734434337982423e-01 4.830755869617964215e-01
2.919999999999999929e+01 -3.182543516159057617e+00 -8.021288514137268066e+00 -7.620377063751220703e+01 -4.844192947408078043e-01 -5.253011087255822220e-01 5.059825996482589794e-01 4.830924351588242738e-01
2.930000000000000071e+01 -3.179780840873718262e+00 -8.022716045379638672e+00 -7.638028621673583984e+01 -4.844428615806159466e-01 -5.252613800236719532e-01 5.059861155327207705e-01 4.831083185035427441e-01
2.939999999999999858e+01 -3.176401853561401367e+00 -8.023609519004821777e+00 -7.652534961700439453e+01 -4.844518401948484931e-01 -5.252428660574307573e-01 5.059987697739466439e-01 4.831061903710749394e-01
2.950000000000000000e+01 -3.175460100173950195e+00 -8.023941516876220703e+00 -7.657899856567382812e+01 -4.844858449554316215e-01 -5.252024301659815597e-01 5.059780835209408689e-01 4.831377157519826104e-01
2.960000000000000142e+01 -3.173437118530273438e+00 -8.024330735206604004e+00 -7.657998561859130859e+01 -4.845003781699744883e-01 -5.251854249705285582e-01 5.059746923565895393e-01 4.831451786433667017e-01
2.969999999999999929e+01 -3.172106444835662842e+00 -8.024011850357055664e+00 -7.658373355865478516e+01 -4.844901316268813707e-01 -5.251928296470887991e-01 5.059903961501382996e-01 4.831309584856650075e-01
2.980000000000000071e+01 -3.171756863594055176e+00 -8.023652434349060059e+00 -7.658781051635742188e+01 -4.844649969194186334e-01 -5.252157580937932835e-01 5.060151354799236056e-01 4.831053268957659075e-01
2.989999999999999858e+01 -3.171143531799316406e+00 -8.023831844329833984e+00 -7.657474517822265625e+01 -4.844381416370241444e-01 -5.252394682425439720e-01 5.060415955244719211e-01 4.830787632742747917e-01
3.000000000000000000e+01 -3.171839714050292969e+00 -8.023477196693420410e+00 -7.655730247497558594e+01 -4.844110475852460018e-01 -5.252654065654355220e-01 5.060637677954712421e-01 4.830545026885301185e-01
3.010000000000000142e+01 -3.171046972274780273e+00 -8.023781776428222656e+00 -7.652980327606201172e+01 -4.843809380367701256e-01 -5.252945413820661047e-01 5.060921226409688112e-01 4.830233069548313107e-01
3.019999999999999929e+01 -3.170374333858489990e+00 -8.023951649665832520e+00 -7.650073051452636719e+01 -4.843476610296437168e-01 -5.253266906198423847e-01 5.061229164198343122e-01 4.829894459014589803e-01
3.030000000000000071e+01 -3.169386982917785645e+00 -8.024121522903442383e+00 -7.647173881530761719e+01 -4.843125030355246996e-01 -5.253608159104414810e-01 5.061561619581762539e-01 4.829527432587464864e-01
3.039999999999999858e+01 -3.168484568595886230e+00 -8.024644255638122559e+00 -7.644005775451660156e+01 -4.842864485576314215e-01 -5.253856615753955683e-01 5.061810077402592034e-01 4.829258015031668849e-01
3.050000000000000000e+01 -3.169359564781188965e+00 -8.023526072502136230e+00 -7.644749164581298828e+01 -4.842773634194309507e-01 -5.253966911130997230e-01 5.061863275591436118e-01 4.829173366520588262e-01
3.060000000000000142e+01 -3.166060745716094971e+00 -8.025509119033813477e+00 -7.641154766082763672e+01 -4.842573774447690993e-01 -5.254169102611169206e-01 5.062115502526686184e-01 4.828889408474433820e-01
3.069999999999999929e+01 -3.164580464363098145e+00 -8.025922775268554688e+00 -7.639823913574218750e+01 -4.842433390154417538e-01 -5.254335012359533374e-01 5.062266870099062510e-01 4.828690979521021998e-01
3.080000000000000071e+01 -3.162908554077148438e+00 -8.026493191719055176e+00 -7.638813018798828125e+01 -4.842340837483737337e-01 -5.254454825770534798e-01 5.062380881377847031e-01 4.828533888193597967e-01
3.089999999999999858e+01 -3.160910606384277344e+00 -8.027721047401428223e+00 -7.637471675872802734e+01 -4.842256664005526456e-01 -5.254553563871646737e-01 5.062494629503688781e-01 4.828391592502015994e-01
3.100000000000000000e+01 -3.160398304462432861e+00 -8.028340935707092285e+00 -7.635889530181884766e+01 -4.842237744070223004e-01 -5.254587284690539484e-01 5.062510247092583127e-01 4.828357494588899623e-01
3.110000000000000142e+01 -3.161650300025939941e+00 -8.027632832527160645e+00 -7.635985374450683594e+01 -4.842293094178530266e-01 -5.254529338134572569e-01 5.062426994721861417e-01 4.828452334637383103e-01
3.119999999999999929e+01 -3.160085976123809814e+00 -8.028396964073181152e+00 -7.634653091430664062e+01 -4.842240418975284899e-01 -5.254612069184747547e-01 5.062499861685623159e-01 4.828338728553853709e-01
3.130000000000000071e+01 -3.157802224159240723e+00 -8.029277920722961426e+00 -7.633016586303710938e+01 -4.842132703675698924e-01 -5.254746164446711942e-01 5.062643107217916771e-01 4.828150618628817003e-01
3.139999999999999858e+01 -3.156158626079559326e+00 -8.029503822326660156e+00 -7.631167888641357422e+01 -4.841909398813687426e-01 -5.254994842074125483e-01 5.062874464918094564e-01 4.827861300403554212e-01
3.150000000000000000e+01 -3.154939711093902588e+00 -8.029592037200927734e+00 -7.628699302673339844e+01 -4.841647116298196107e-01 -5.255263801913381272e-01 5.063134299110483294e-01 4.827559077081425842e-01
3.160000000000000142e+01 -3.153333067893981934e+00 -8.029964566230773926e+00 -7.625581741333007812e+01 -4.841284715398083693e-01 -5.255626337662269165e-01 5.063491838823112046e-01 4.827152835937080777e-01
3.169999999999999929e+01 -3.153073489665985107e+00 -8.029897212982177734e+00 -7.621910095214843750e+01 -4.840894593950255120e-01 -5.256004140110239753e-01 5.063839934341590743e-01 4.826767565231893098e-01
3.180000000000000071e+01 -3.152275383472442627e+00 -8.029989004135131836e+00 -7.618318080902099609e+01 -4.840416940270848012e-01 -5.256461984418878686e-01 5.064281292227919007e-01 4.826284931900363118e-01
3.189999999999999858e+01 -3.150493502616882324e+00 -8.030188083648681641e+00 -7.613422870635986328e+01 -4.839824392063497016e-01 -5.257030329165367499e-01 5.064851337604101555e-01 4.825661913167208494e-01
3.200000000000000000e+01 -3.149106800556182861e+00 -8.030571937561035156e+00 -7.607441425323486328e+01 -4.839141922371274496e-01 -5.257674438988932941e-01 5.065489141523510375e-01 4.824975098988457667e-01
3.210000000000000142e+01 -3.146724104881286621e+00 -8.031190633773803711e+00 -7.601051330566406250e+01 -4.838291382869169266e-01 -5.258492026894512339e-01 5.066300374880582380e-01 4.824085261376052092e-01
3.220000000000000284e+01 -3.145805299282073975e+00 -8.031641244888305664e+00 -7.593745231628417969e+01 -4.837287001228091632e-01 -5.259408082364779302e-01 5.067217972508269996e-01 4.823130011724225952e-01
3.229999999999999716e+01 -3.144893050193786621e+00 -8.031767606735229492e+00 -7.584203243255615234e+01 -4.835867341588127033e-01 -5.260715622538983949e-01 5.068503789089187084e-01 4.821776387735561276e-01
3.239999999999999858e+01 -3.143764734268188477e+00 -8.031913042068481445e+00 -7.572139739990234375e+01 -4.833934782589787704e-01 -5.262506045661548004e-01 5.070249233090519114e-01 4.819925035868226626e-01
3.250000000000000000e+01 -3.142304420471191406e+00 -8.031737804412841797e+00 -7.558346271514892578e+01 -4.831545796797239722e-01 -5.264741685806810789e-01 5.072406225159570292e-01 4.817608876002841267e-01
3.260000000000000142e+01 -3.141488134860992432e+00 -8.031437993049621582e+00 -7.543037891387939453e+01 -4.828777191120134926e-01 -5.267311666725523756e-01 5.074886945382708348e-01 4.814962215394759104e-01
3.270000000000000284e+01 -3.140660822391510010e+00 -8.031386137008666992e+00 -7.525775432586669922e+01 -4.825540018808679443e-01 -5.270311610780070710e-01 5.077781746598323265e-01 4.811871941985326195e-01
3.279999999999999716e+01 -3.139585554599761963e+00 -8.030691742897033691e+00 -7.507947921752929688e+01 -4.821874400733397459e-01 -5.273742124651397134e-01 5.081054499396612245e-01 4.808331981091866769e-01
3.289999999999999858e+01 -3.140965104103088379e+00 -8.028078675270080566e+00 -7.490768909454345703e+01 -4.818064250643338542e-01 -5.277332749709859883e-01 5.084384702287650937e-01 4.804690221508108872e-01
3.300000000000000000e+01 -3.142046630382537842e+00 -8.027511835098266602e+00 -7.475791931152343750e+01 -4.814998831427084736e-01 -5.280201359117860926e-01 5.087054624335564101e-01 4.801784575504390862e-01
3.310000000000000142e+01 -3.142711222171783447e+00 -8.027557730674743652e+00 -7.464654445648193359e+01 -4.812858300852668747e-01 -5.282178485933453072e-01 5.088923344636926416e-01 4.799775475068044361e-01
3.320000000000000284e+01 -3.143944740295410156e+00 -8.028729557991027832e+00 -7.455942153930664062e+01 -4.811454250487756656e-01 -5.283427395103037494e-01 5.090128399761021383e-01 4.798530590720907485e-01
3.329999999999999716e+01 -3.144596815109252930e+00 -8.030146956443786621e+00 -7.448878288269042969e+01 -4.810617222497668988e-01 -5.284174072122388433e-01 5.090838554780222625e-01 4.797794193510326322e-01
3.339999999999999858e+01 -3.145113587379455566e+00 -8.031285405158996582e+00 -7.444460391998291016e+01 -4.810153334165075956e-01 -5.284595392101646416e-01 5.091218152589085388e-01 4.797392434056853006e-01
3.350000000000000000e+01 -3.146517872810363770e+00 -8.031874299049377441e+00 -7.441553592681884766e+01 -4.810026374537977323e-01 -5.284711255243792483e-01 5.091276574872720673e-01 4.797330097366753199e-01
3.360000000000000142e+01 -3.148879408836364746e+00 -8.031656742095947266e+00 -7.440446376800537109e+01 -4.810310513535662746e-01 -5.284455571523019035e-01 5.090946228755375280e-01 4.797677414321328548e-01
3.370000000000000284e+01 -3.149138092994689941e+00 -8.032164573669433594e+00 -7.442171573638916016e+01 -4.811209589664333097e-01 -5.283632505834892079e-01 5.090127882475651289e-01 4.798550611137780697e-01
3.379999999999999716e+01 -3.147611618041992188e+00 -8.033156991004943848e+00 -7.446194648742675781e+01 -4.812569185943208483e-01 -5.282418581328568452e-01 5.088941505486780370e-01 4.799781882114917408e-01
3.389999999999999858e+01 -3.147813975811004639e+00 -8.033975958824157715e+00 -7.453122615814208984e+01 -4.814539427319358134e-01 -5.280579241119859324e-01 5.087182870973211424e-01 4.801693807222408017e-01
