0.945767939090728760 0.324762642383575439 -0.007228968199342489 0.434784084558486938 5.200274467468261719 0.284890979528427124 -0.839935719966888428 -0.886906206607818604 -0.461892962455749512 -13.095612525939941406 -0.156077459454536438 -7.962127208709716797
0.945739507675170898 0.324845671653747559 -0.007215923629701138 0.434824585914611816 5.200297832489013672 0.284961014986038208 -0.839882671833038330 -0.886878550052642822 -0.461946249008178711 -13.095306396484375000 -0.156121775507926941 -7.961483955383300781
0.945738077163696289 0.324849933385848999 -0.007210840936750174 0.434850186109542847 5.200412750244140625 0.284962356090545654 -0.839867770671844482 -0.886864900588989258 -0.461972534656524658 -13.095394134521484375 -0.156127884984016418 -7.961409091949462891
0.945732295513153076 0.324865669012069702 -0.007260548416525126 0.434875756502151489 5.200454235076904297 0.284946829080581665 -0.839848458766937256 -0.886841237545013428 -0.462017238140106201 -13.094998359680175781 -0.156191289424896240 -7.960537910461425781
0.945722162723541260 0.324895679950714111 -0.007240346632897854 0.434863448143005371 5.199934959411621094 0.284984707832336426 -0.839843213558197021 -0.886848568916320801 -0.462003409862518311 -13.096097946166992188 -0.156183660030364990 -7.959838390350341797
0.945719540119171143 0.324903160333633423 -0.007243018597364426 0.434903800487518311 5.199375152587890625 0.284982323646545410 -0.839819371700286865 -0.886825263500213623 -0.462048113346099854 -13.096422195434570312 -0.156203716993331909 -7.959568977355957031
0.945710897445678711 0.324928969144821167 -0.007219788152724504 0.434997260570526123 5.198599815368652344 0.284998416900634766 -0.839761018753051758 -0.886775374412536621 -0.462144285440444946 -13.096420288085937500 -0.156226962804794312 -7.960034847259521484
0.945696175098419189 0.324973285198211670 -0.007151471916586161 0.435055196285247803 5.196821689605712891 0.285059034824371338 -0.839713871479034424 -0.886750698089599609 -0.462192624807357788 -13.094680786132812500 -0.156205445528030396 -7.961874008178710938
0.945691823959350586 0.324987173080444336 -0.007093922235071659 0.435035169124603271 5.193414688110351562 0.285102754831314087 -0.839718818664550781 -0.886769950389862061 -0.462156563997268677 -13.089978218078613281 -0.156151860952377319 -7.965555667877197266
0.945679783821105957 0.325023800134658813 -0.007018395233899355 0.434958010911941528 5.187956333160400391 0.285185426473617554 -0.839744627475738525 -0.886821568012237549 -0.462058693170547485 -13.079983711242675781 -0.156073734164237976 -7.972312450408935547
0.945701837539672852 0.324955821037292480 -0.007191561628133059 0.434628665447235107 5.182542324066162109 0.285103768110275269 -0.839941442012786865 -0.886980295181274414 -0.461751222610473633 -13.066770553588867188 -0.156089246273040771 -7.979633808135986328
0.945675671100616455 0.325032532215118408 -0.007169173564761877 0.434479653835296631 5.173497676849365234 0.285208135843276978 -0.839988887310028076 -0.887058973312377930 -0.461600482463836670 -13.047109603881835938 -0.156057193875312805 -7.991374492645263672
0.945696413516998291 0.324971169233322144 -0.007216327358037233 0.434187352657318115 5.163144588470458984 0.285186797380447388 -0.840163707733154297 -0.887217283248901367 -0.461295366287231445 -13.022557258605957031 -0.155970588326454163 -8.005938529968261719
0.945708453655242920 0.324934393167495728 -0.007292031310498714 0.434007108211517334 5.149825572967529297 0.285151779651641846 -0.840271055698394775 -0.887307047843933105 -0.461121439933776855 -12.990275382995605469 -0.155961498618125916 -8.025176048278808594
0.945695638656616211 0.324970602989196777 -0.007336296606808901 0.433800101280212402 5.133446216583251953 0.285199701786041260 -0.840363979339599609 -0.887410044670104980 -0.460922509431838989 -12.947957992553710938 -0.155951425433158875 -8.049014091491699219
0.945697546005249023 0.324961006641387939 -0.007514521945267916 0.433218419551849365 5.114384651184082031 0.285212576389312744 -0.840667665004730225 -0.887700319290161133 -0.460360348224639893 -12.895964622497558594 -0.155916377902030945 -8.075360298156738281
0.945644199848175049 0.325111895799636841 -0.007697716820985079 0.432859063148498535 5.091683387756347656 0.285319596529006958 -0.840794444084167480 -0.887853205204010010 -0.460062444210052490 -12.834385871887207031 -0.156043961644172668 -8.105971336364746094
0.945606648921966553 0.325222462415695190 -0.007640571799129248 0.432551622390747070 5.066043853759765625 0.285499393939971924 -0.840909898281097412 -0.888020813465118408 -0.459739774465560913 -12.765020370483398438 -0.155942738056182861 -8.140511512756347656
0.945613980293273926 0.325196593999862671 -0.007830364629626274 0.431940466165542603 5.039955139160156250 0.285498261451721191 -0.841233968734741211 -0.888325691223144531 -0.459147185087203979 -12.689866065979003906 -0.155900284647941589 -8.177171707153320312
0.945619106292724609 0.325176268815994263 -0.008052914403378963 0.431490361690521240 5.013104438781738281 0.285456180572509766 -0.841472804546356201 -0.888536334037780762 -0.458735555410385132 -12.612470626831054688 -0.155946224927902222 -8.215307235717773438
0.945622324943542480 0.325162053108215332 -0.008247794583439827 0.431155443191528320 4.985037326812744141 0.285411536693572998 -0.841649949550628662 -0.888687968254089355 -0.458438247442245483 -12.532800674438476562 -0.156008467078208923 -8.257240295410156250
0.945633351802825928 0.325129598379135132 -0.008268182165920734 0.430826127529144287 4.955890655517578125 0.285434752702713013 -0.841831088066101074 -0.888866841793060303 -0.458091020584106445 -12.450125694274902344 -0.155899360775947571 -8.300405502319335938
0.945633471012115479 0.325127243995666504 -0.008345072157680988 0.430480986833572388 4.925827026367187500 0.285459399223327637 -0.842008531093597412 -0.889042079448699951 -0.457749426364898682 -12.365570068359375000 -0.155853435397148132 -8.345102310180664062
0.945660889148712158 0.325042426586151123 -0.008535246364772320 0.430016338825225830 4.895734310150146484 0.285380452871322632 -0.842278659343719482 -0.889270782470703125 -0.457301467657089233 -12.278433799743652344 -0.155831441283226013 -8.390498161315917969
0.945659637451171875 0.325042337179183960 -0.008680679835379124 0.429540425539016724 4.863804340362548828 0.285398095846176147 -0.842521488666534424 -0.889505028724670410 -0.456842899322509766 -12.188171386718750000 -0.155806943774223328 -8.438325881958007812
0.945674359798431396 0.324994981288909912 -0.008844140917062759 0.429060965776443481 4.830424308776855469 0.285367071628570557 -0.842784047126770020 -0.889742136001586914 -0.456377774477005005 -12.092670440673828125 -0.155774191021919250 -8.486948013305664062
0.945677220821380615 0.324981868267059326 -0.009018816053867340 0.428553253412246704 4.795770645141601562 0.285365343093872070 -0.843047380447387695 -0.889989316463470459 -0.455892235040664673 -11.994038581848144531 -0.155759990215301514 -8.537463188171386719
0.945668399333953857 0.325001537799835205 -0.009235364384949207 0.427903473377227783 4.760568618774414062 0.285397976636886597 -0.843369781970977783 -0.890302956104278564 -0.455275058746337891 -11.892332077026367188 -0.155753925442695618 -8.588441848754882812
0.945685923099517822 0.324943304061889648 -0.009487997740507126 0.427324593067169189 4.723737239837646484 0.285333156585693359 -0.843685686588287354 -0.890578746795654297 -0.454730093479156494 -11.787438392639160156 -0.155766382813453674 -8.641419410705566406
0.945705175399780273 0.324881970882415771 -0.009664374403655529 0.426770687103271484 4.685474395751953125 0.285297781229019165 -0.843989610671997070 -0.890853464603424072 -0.454187959432601929 -11.679945945739746094 -0.155714109539985657 -8.695632934570312500
0.945728600025177002 0.324807882308959961 -0.009861493483185768 0.426199853420257568 4.646604061126708984 0.285244554281234741 -0.844306528568267822 -0.891134500503540039 -0.453632026910781860 -11.570148468017578125 -0.155669376254081726 -8.750636100769042969
0.945743918418884277 0.324756532907485962 -0.010080137290060520 0.425639867782592773 4.607584953308105469 0.285198688507080078 -0.844608724117279053 -0.891403675079345703 -0.453098028898239136 -11.459379196166992188 -0.155660316348075867 -8.805837631225585938
0.945758759975433350 0.324707537889480591 -0.010264731012284756 0.425096035003662109 4.567770957946777344 0.285168200731277466 -0.844901382923126221 -0.891669154167175293 -0.452571243047714233 -11.346698760986328125 -0.155625969171524048 -8.862072944641113281
0.945757269859313965 0.324705988168716431 -0.010450874455273151 0.424576044082641602 4.527539253234863281 0.285173594951629639 -0.845163404941558838 -0.891916990280151367 -0.452078342437744141 -11.233193397521972656 -0.155625239014625549 -8.918830871582031250
0.945755541324615479 0.324705660343170166 -0.010618295520544052 0.424043625593185425 4.487136840820312500 0.285191357135772705 -0.845430791378021240 -0.892174065113067627 -0.451566904783248901 -11.118185043334960938 -0.155603364109992981 -8.975759506225585938
0.945764422416687012 0.324675142765045166 -0.010757268406450748 0.423527956008911133 4.446348190307617188 0.285193532705307007 -0.845700979232788086 -0.892429113388061523 -0.451059311628341675 -11.002170562744140625 -0.155545175075531006 -9.033279418945312500
0.945757627487182617 0.324690312147140503 -0.010895091108977795 0.422955960035324097 4.405254364013671875 0.285246133804321289 -0.845981359481811523 -0.892709970474243164 -0.450499922037124634 -10.885443687438964844 -0.155490010976791382 -9.091115951538085938
0.945777177810668945 0.324627637863159180 -0.011064053513109684 0.422419160604476929 4.363454341888427734 0.285210162401199341 -0.846273541450500488 -0.892973363399505615 -0.449973553419113159 -10.767518043518066406 -0.155437082052230835 -9.149661064147949219
0.945771217346191406 0.324638783931732178 -0.011247881688177586 0.421825915575027466 4.321700096130371094 0.285241335630416870 -0.846565127372741699 -0.893257319927215576 -0.449404984712600708 -10.649204254150390625 -0.155416354537010193 -9.208213806152343750
0.945750713348388672 0.324694126844406128 -0.011371127329766750 0.421431630849838257 4.279917240142822266 0.285303026437759399 -0.846740305423736572 -0.893441438674926758 -0.449035704135894775 -10.529605865478515625 -0.155427649617195129 -9.267952919006347656
0.945744812488555908 0.324706971645355225 -0.011494413949549198 0.421031653881072998 4.237663745880126953 0.285329043865203857 -0.846934318542480469 -0.893632054328918457 -0.448653101921081543 -10.409625053405761719 -0.155415788292884827 -9.327235221862792969
0.945753872394561768 0.324673235416412354 -0.011698666960000992 0.420501798391342163 4.195832252502441406 0.285300225019454956 -0.847210466861724854 -0.893881916999816895 -0.448149800300598145 -10.290183067321777344 -0.155413478612899780 -9.385964393615722656
0.945749580860137939 0.324679225683212280 -0.011879622936248779 0.420136362314224243 4.153433322906494141 0.285286724567413330 -0.847389400005340576 -0.894044876098632812 -0.447819888591766357 -10.168987274169921875 -0.155464470386505127 -9.445405006408691406
0.945725798606872559 0.324743717908859253 -0.012009506113827229 0.419727832078933716 4.110806465148925781 0.285356044769287109 -0.847567141056060791 -0.894233703613281250 -0.447439223527908325 -10.048140525817871094 -0.155481949448585510 -9.505205154418945312
0.945713043212890625 0.324775665998458862 -0.012150042690336704 0.419243752956390381 4.068174362182617188 0.285406053066253662 -0.847794473171234131 -0.894463241100311279 -0.446976423263549805 -9.926654815673828125 -0.155467808246612549 -9.564986228942871094
0.945709943771362305 0.324781477451324463 -0.012232624925673008 0.418747484683990479 4.024964809417724609 0.285463064908981323 -0.848037481307983398 -0.894710600376129150 -0.446478784084320068 -9.804340362548828125 -0.155381768941879272 -9.624750137329101562
0.945689857006072998 0.324835598468780518 -0.012348378077149391 0.418285667896270752 3.980927467346191406 0.285539925098419189 -0.848244607448577881 -0.894929885864257812 -0.446035891771316528 -9.679869651794433594 -0.155362769961357117 -9.685651779174804688
0.945686936378479004 0.324838936328887939 -0.012484468519687653 0.417802423238754272 3.936671733856201172 0.285567164421081543 -0.848481476306915283 -0.895161151885986328 -0.445567727088928223 -9.554289817810058594 -0.155330583453178406 -9.746335983276367188
0.945685565471649170 0.324838101863861084 -0.012611390091478825 0.417424798011779785 3.892491817474365234 0.285575777292251587 -0.848667621612548828 -0.895338594913482666 -0.445207506418228149 -9.427474975585937500 -0.155323237180709839 -9.808976173400878906
0.945673465728759766 0.324869841337203979 -0.012697543017566204 0.417002052068710327 3.846587657928466797 0.285640150308609009 -0.848863303661346436 -0.895543396472930908 -0.444793015718460083 -9.298155784606933594 -0.155278325080871582 -9.872571945190429688
0.945671319961547852 0.324871242046356201 -0.012821629643440247 0.416519045829772949 3.799593687057495117 0.285671353340148926 -0.849099874496459961 -0.895775794982910156 -0.444321185350418091 -9.166060447692871094 -0.155234009027481079 -9.937430381774902344
0.945648908615112305 0.324931532144546509 -0.012946723960340023 0.415983289480209351 3.751573562622070312 0.285762876272201538 -0.849339365959167480 -0.896030247211456299 -0.443804204463958740 -9.030550003051757812 -0.155202150344848633 -10.003355979919433594
0.945653378963470459 0.324913531541824341 -0.013073197565972805 0.415403544902801514 3.702704906463623047 0.285793811082839966 -0.849629938602447510 -0.896313726902008057 -0.443227738142013550 -8.891963005065917969 -0.155118077993392944 -10.070707321166992188
0.945640146732330322 0.324945420026779175 -0.013234694488346577 0.414856165647506714 3.651638507843017578 0.285845756530761719 -0.849885225296020508 -0.896569848060607910 -0.442704588174819946 -8.748506546020507812 -0.155102804303169250 -10.140406608581542969
0.945633590221405029 0.324958771467208862 -0.013376199640333652 0.414215445518493652 3.600105762481689453 0.285908043384552002 -0.850192546844482422 -0.896878957748413086 -0.442073762416839600 -8.600977897644042969 -0.155028104782104492 -10.211135864257812500
0.945653557777404785 0.324893653392791748 -0.013544102199375629 0.413540482521057129 3.547121047973632812 0.285896033048629761 -0.850545942783355713 -0.897207617759704590 -0.441401273012161255 -8.450856208801269531 -0.154928356409072876 -10.283308982849121094
0.945650160312652588 0.324897319078445435 -0.013692268170416355 0.412899374961853027 3.492632865905761719 0.285946816205978394 -0.850855946540832520 -0.897515416145324707 -0.440770417451858521 -8.296062469482421875 -0.154855266213417053 -10.357687950134277344
0.945655763149261475 0.324873208999633789 -0.013879282400012016 0.412261039018630981 3.437402486801147461 0.285954862833023071 -0.851174592971801758 -0.897817254066467285 -0.440149486064910889 -8.137933731079101562 -0.154806464910507202 -10.433267593383789062
0.945630669593811035 0.324938595294952393 -0.014057315886020660 0.411629945039749146 3.380872964859008789 0.286043733358383179 -0.851455032825469971 -0.898108601570129395 -0.439548969268798828 -7.976899623870849609 -0.154795587062835693 -10.510906219482421875
0.945619106292724609 0.324962526559829712 -0.014277860522270203 0.411030471324920654 3.323243379592895508 0.286071121692657471 -0.851735472679138184 -0.898379743099212646 -0.438987493515014648 -7.812501907348632812 -0.154815450310707092 -10.590741157531738281
0.945604741573333740 0.324996113777160645 -0.014465829357504845 0.410463631153106689 3.263905763626098633 0.286116153001785278 -0.851995944976806641 -0.898638069629669189 -0.438452273607254028 -7.644084453582763672 -0.154820114374160767 -10.672410964965820312
0.945585131645202637 0.325044840574264526 -0.014650777913630009 0.409855216741561890 3.202790498733520508 0.286183476448059082 -0.852270245552062988 -0.898916482925415039 -0.437874943017959595 -7.471364498138427734 -0.154815420508384705 -10.756664276123046875
0.945556044578552246 0.325118333101272583 -0.014892337843775749 0.409127235412597656 3.139614343643188477 0.286267995834350586 -0.852591931819915771 -0.899244427680969238 -0.437192946672439575 -7.292290687561035156 -0.154836535453796387 -10.843232154846191406
0.945551455020904541 0.325120985507965088 -0.015125474892556667 0.408358365297317505 3.074405908584594727 0.286302179098129272 -0.852959454059600830 -0.899599909782409668 -0.436453044414520264 -7.107495784759521484 -0.154801473021507263 -10.931518554687500000
0.945543348789215088 0.325127214193344116 -0.015495050698518753 0.407492876052856445 3.008227348327636719 0.286294251680374146 -0.853370904922485352 -0.899981200695037842 -0.435653239488601685 -6.917755126953125000 -0.154865741729736328 -11.021089553833007812
0.945547997951507568 0.325100719928741455 -0.015763724222779274 0.406736642122268677 2.939440011978149414 0.286284655332565308 -0.853741645812988281 -0.900325059890747070 -0.434932500123977661 -6.723398685455322266 -0.154855027794837952 -11.113597869873046875
0.945556461811065674 0.325062185525894165 -0.016049956902861595 0.405902981758117676 2.869752883911132812 0.286270618438720703 -0.854152977466583252 -0.900705635547637939 -0.434133380651473999 -6.525631427764892578 -0.154829472303390503 -11.207698822021484375
0.945568501949310303 0.325010329484939575 -0.016387347131967545 0.405081808567047119 2.798669815063476562 0.286219358444213867 -0.854562461376190186 -0.901071548461914062 -0.433360666036605835 -6.323170661926269531 -0.154850706458091736 -11.303737640380859375
0.945560395717620850 0.325020641088485718 -0.016645986586809158 0.404284685850143433 2.725613832473754883 0.286254346370697021 -0.854935944080352783 -0.901432156562805176 -0.432600229978561401 -6.116633415222167969 -0.154835253953933716 -11.402003288269042969
0.945569932460784912 0.324976563453674316 -0.016962137073278427 0.403324395418167114 2.651194572448730469 0.286245137453079224 -0.855406165122985840 -0.901869297027587891 -0.431675881147384644 -5.906367301940917969 -0.154794052243232727 -11.500512123107910156
0.945535778999328613 0.325055837631225586 -0.017344227060675621 0.402268737554550171 2.576070070266723633 0.286331295967102051 -0.855872988700866699 -0.902332186698913574 -0.430692255496978760 -5.691770553588867188 -0.154843494296073914 -11.598655700683593750
0.945512533187866211 0.325103461742401123 -0.017713129520416260 0.401262581348419189 2.500909090042114258 0.286387175321578979 -0.856327056884765625 -0.902773439884185791 -0.429751455783843994 -5.477902412414550781 -0.154881924390792847 -11.695820808410644531
0.945487856864929199 0.325162440538406372 -0.017947182059288025 0.400517731904983521 2.425764322280883789 0.286467254161834717 -0.856653332710266113 -0.903103709220886230 -0.429047286510467529 -5.264548778533935547 -0.154884576797485352 -11.794835090637207031
0.945487141609191895 0.325150042772293091 -0.018208395689725876 0.399811118841171265 2.350843667984008789 0.286465674638748169 -0.856988072395324707 -0.903415501117706299 -0.428379386663436890 -5.052340030670166016 -0.154891967773437500 -11.894542694091796875
0.945515453815460205 0.325057595968246460 -0.018385600298643112 0.399128943681716919 2.275757312774658203 0.286427587270736694 -0.857341051101684570 -0.903734683990478516 -0.427698016166687012 -4.839862823486328125 -0.154789224267005920 -11.993449211120605469
0.945514142513275146 0.325044780969619751 -0.018678739666938782 0.398330003023147583 2.201558828353881836 0.286428093910217285 -0.857717394828796387 -0.904085874557495117 -0.426942437887191772 -4.627370357513427734 -0.154796496033668518 -12.092624664306640625
0.945521593093872070 0.325006306171417236 -0.018970001488924026 0.397480040788650513 2.127563714981079102 0.286416262388229370 -0.858126163482666016 -0.904463887214660645 -0.426128178834915161 -4.415349960327148438 -0.154772996902465820 -12.190992355346679688
0.945532321929931641 0.324962437152862549 -0.019185537472367287 0.396671950817108154 2.053236007690429688 0.286426395177841187 -0.858516633510589600 -0.904833018779754639 -0.425334185361862183 -4.202790737152099609 -0.154688730835914612 -12.288700103759765625
0.945532798767089844 0.324937939643859863 -0.019571354612708092 0.395833730697631836 1.979972362518310547 0.286382496356964111 -0.858912706375122070 -0.905186653137207031 -0.424563378095626831 -3.990717411041259766 -0.154766842722892761 -12.386289596557617188
0.945511221885681152 0.324980109930038452 -0.019910866394639015 0.394928812980651855 1.906952261924743652 0.286430299282073975 -0.859313189983367920 -0.905574440956115723 -0.423719882965087891 -3.780089378356933594 -0.154810190200805664 -12.482718467712402344
0.945499598979949951 0.324996411800384521 -0.020195012912154198 0.394055813550949097 1.834513425827026367 0.286474645137786865 -0.859707713127136230 -0.905956506729125977 -0.422888785600662231 -3.569440841674804688 -0.154799148440361023 -12.578489303588867188
0.945506274700164795 0.324956774711608887 -0.020518712699413300 0.393137812614440918 1.763521194458007812 0.286460399627685547 -0.860142886638641357 -0.906357705593109131 -0.422012686729431152 -3.360773324966430664 -0.154784902930259705 -12.671305656433105469
0.945495903491973877 0.324968695640563965 -0.020804850384593010 0.392250567674636841 1.694248914718627930 0.286502927541732788 -0.860543370246887207 -0.906744718551635742 -0.421166509389877319 -3.156506061553955078 -0.154769405722618103 -12.761978149414062500
0.945501446723937988 0.324935972690582275 -0.021063063293695450 0.391617059707641602 1.627281427383422852 0.286473095417022705 -0.860844194889068604 -0.907014787197113037 -0.420571595430374146 -2.957263708114624023 -0.154790863394737244 -12.853645324707031250
0.945492863655090332 0.324955761432647705 -0.021141225472092628 0.391199767589569092 1.560193538665771484 0.286530792713165283 -0.861026406288146973 -0.907204210758209229 -0.420159041881561279 -2.760706186294555664 -0.154736250638961792 -12.945560455322265625
0.945471048355102539 0.325003534555435181 -0.021382138133049011 0.390684783458709717 1.494217991828918457 0.286558449268341064 -0.861242175102233887 -0.907412052154541016 -0.419697701930999756 -2.564320087432861328 -0.154818430542945862 -13.036356925964355469
0.945450603961944580 0.325045257806777954 -0.021650657057762146 0.389912903308868408 1.427669525146484375 0.286614865064620972 -0.861576199531555176 -0.907740533351898193 -0.418973028659820557 -2.367841482162475586 -0.154838874936103821 -13.124082565307617188
0.946112811565399170 0.323089480400085449 -0.021994892507791519 0.389320194721221924 1.360930562019348145 0.284843266010284424 -0.862579286098480225 -0.908127129077911377 -0.418116390705108643 -2.173130512237548828 -0.154061347246170044 -13.209814071655273438
0.949438154697418213 0.313164681196212769 -0.022249640896916389 0.389962941408157349 1.293497562408447266 0.275847613811492920 -0.865942716598510742 -0.908544778823852539 -0.417194575071334839 -1.980843067169189453 -0.149917513132095337 -13.293540954589843750
0.955928146839141846 0.292738080024719238 -0.022489396855235100 0.392319649457931519 1.227546215057373047 0.257239669561386108 -0.872003257274627686 -0.908876359462738037 -0.416458934545516968 -1.788869500160217285 -0.141524210572242737 -13.377859115600585938
0.963399171829223633 0.267104774713516235 -0.022740041837096214 0.395179539918899536 1.163807868957519531 0.233868315815925598 -0.878913044929504395 -0.909211456775665283 -0.415713161230087280 -1.598571419715881348 -0.131025493144989014 -13.461818695068359375
0.970356047153472900 0.240581780672073364 -0.023010805249214172 0.397882461547851562 1.101273417472839355 0.209659814834594727 -0.885330438613891602 -0.909526109695434570 -0.415009409189224243 -1.409337162971496582 -0.120215862989425659 -13.545375823974609375
0.976653456687927246 0.213578626513481140 -0.023069133982062340 0.400384932756423950 1.039636492729187012 0.185084849596023560 -0.891109466552734375 -0.909835278987884521 -0.414327800273895264 -1.220796704292297363 -0.109048686921596527 -13.627860069274902344
0.982195734977722168 0.186424195766448975 -0.023185031488537788 0.402488768100738525 0.978999793529510498 0.160347342491149902 -0.896241486072540283 -0.910177171230316162 -0.413569748401641846 -1.034289836883544922 -0.097878798842430115 -13.709856986999511719
0.986977219581604004 0.159154891967773438 -0.023360475897789001 0.404245465993881226 0.919175982475280762 0.135471701622009277 -0.900697112083435059 -0.910528540611267090 -0.412785768508911133 -0.847898781299591064 -0.086737588047981262 -13.790168762207031250
0.991006851196289062 0.131731957197189331 -0.023497462272644043 0.405628383159637451 0.860649228096008301 0.110465124249458313 -0.904495596885681152 -0.910913109779357910 -0.411928564310073853 -0.663358628749847412 -0.075517505407333374 -13.869499206542968750
0.994278848171234131 0.104169674217700958 -0.023626530542969704 0.406691193580627441 0.803656399250030518 0.085321396589279175 -0.907607257366180420 -0.911302626132965088 -0.411058783531188965 -0.480080634355545044 -0.064263470470905304 -13.947737693786621094
0.996837735176086426 0.075815901160240173 -0.023799726739525795 0.407554090023040771 0.748730301856994629 0.059418305754661560 -0.910028338432312012 -0.911655485630035400 -0.410265594720840454 -0.297492563724517822 -0.052763082087039948 -14.025879859924316406
0.998625934123992920 0.046612035483121872 -0.023949697613716125 0.408072292804718018 0.695504307746887207 0.032738465815782547 -0.911758899688720703 -0.912032067775726318 -0.409418940544128418 -0.116550825536251068 -0.040920201689004898 -14.103715896606445312
0.999554336071014404 0.017689671367406845 -0.024046540260314941 0.408309608697891235 0.644249022006988525 0.006321217864751816 -0.912672102451324463 -0.912377178668975830 -0.408643722534179688 0.065400123596191406 -0.029175378382205963 -14.182440757751464844
0.999708712100982666 -0.001502815750427544 -0.024088790640234947 0.408331423997879028 0.595818042755126953 -0.011207655072212219 -0.912832498550415039 -0.912583410739898682 -0.408180356025695801 0.251846790313720703 -0.021375611424446106 -14.261828422546386719
0.999689340591430664 -0.005944136064499617 -0.024205198511481285 0.407599061727523804 0.548051238059997559 -0.015292708761990070 -0.913141667842864990 -0.912948846817016602 -0.407355457544326782 0.435247957706451416 -0.019681399688124657 -14.339083671569824219
0.999686062335968018 -0.006064335815608501 -0.024310950189828873 0.406612396240234375 0.501404404640197754 -0.015424221754074097 -0.913580656051635742 -0.913387358188629150 -0.406364977359771729 0.616369545459747314 -0.019745679572224617 -14.415317535400390625
0.999681949615478516 -0.006075769197195768 -0.024475745856761932 0.405641436576843262 0.457119137048721313 -0.015480508096516132 -0.914012074470520020 -0.913815438747406006 -0.405391454696655273 0.796392619609832764 -0.019908063113689423 -14.491466522216796875
0.999676227569580078 -0.006539255380630493 -0.024590848013758659 0.404679536819458008 0.414361983537673950 -0.015929883345961571 -0.914435207843780518 -0.914243280887603760 -0.404418766498565674 0.975480496883392334 -0.019842138513922691 -14.567638397216796875
0.999623715877532959 -0.011867343448102474 -0.024731388315558434 0.403809338808059692 0.372971802949905396 -0.020841460675001144 -0.914766192436218262 -0.914669275283813477 -0.403445720672607422 1.154104828834533691 -0.017835609614849091 -14.643416404724121094
0.999457538127899170 -0.021584656089544296 -0.024874957278370857 0.403026640415191650 0.334133237600326538 -0.029776958748698235 -0.914933681488037109 -0.915080070495605469 -0.402504295110702515 1.333600997924804688 -0.014071020297706127 -14.719143867492675781
0.999211728572845459 -0.030830051749944687 -0.025008942931890488 0.402423590421676636 0.297210812568664551 -0.038285814225673676 -0.914934277534484863 -0.915393412113189697 -0.401782810688018799 1.515259742736816406 -0.010494554415345192 -14.795609474182128906
0.999054431915283203 -0.035425882786512375 -0.025203404948115349 0.401728719472885132 0.262332797050476074 -0.042564973235130310 -0.915073215961456299 -0.915715873241424561 -0.401035159826278687 1.697072267532348633 -0.008855937048792839 -14.871064186096191406
0.999021589756011963 -0.036252528429031372 -0.025329746305942535 0.401001453399658203 0.228293374180793762 -0.043365899473428726 -0.915359795093536377 -0.916036367416381836 -0.400294661521911621 1.878440141677856445 -0.008674137294292450 -14.947531700134277344
0.999015092849731445 -0.036316104233264923 -0.025495257228612900 0.400111109018325806 0.195974394679069519 -0.043481882661581039 -0.915746808052062988 -0.916423976421356201 -0.399395883083343506 2.058611154556274414 -0.008842698298394680 -15.024084091186523438
0.999013543128967285 -0.036272365599870682 -0.025617420673370361 0.399252653121948242 0.164452701807022095 -0.043482206761837006 -0.916123151779174805 -0.916796624660491943 -0.398531883955001831 2.239662885665893555 -0.009013016708195210 -15.100131034851074219
0.999009847640991211 -0.036276195198297501 -0.025756100192666054 0.398404300212860107 0.134593665599822998 -0.043532557785511017 -0.916492223739624023 -0.917163968086242676 -0.397676855325698853 2.421275138854980469 -0.009179063141345978 -15.174674987792968750
0.999008715152740479 -0.036215744912624359 -0.025884613394737244 0.397577255964279175 0.106200970709323883 -0.043519835919141769 -0.916853725910186768 -0.917520940303802490 -0.396844148635864258 2.601586341857910156 -0.009360398165881634 -15.248801231384277344
0.999007225036621094 -0.036172937601804733 -0.026001237332820892 0.396727085113525391 0.080118902027606964 -0.043518073856830597 -0.917223632335662842 -0.917887210845947266 -0.395988672971725464 2.781024932861328125 -0.009524875320494175 -15.321681976318359375
0.999008178710937500 -0.036066513508558273 -0.026111988350749016 0.395927965641021729 0.056005895137786865 -0.043455831706523895 -0.917573034763336182 -0.918230295181274414 -0.395185202360153198 2.958959341049194336 -0.009706703945994377 -15.393849372863769531
0.999004960060119629 -0.036092977970838547 -0.026198772713541985 0.395095169544219971 0.032894857227802277 -0.043505575507879257 -0.917930901050567627 -0.918587744235992432 -0.394347757101058960 3.135198354721069336 -0.009815477766096592 -15.466672897338867188
0.999006271362304688 -0.036043878644704819 -0.026216821745038033 0.394377708435058594 0.010959014296531677 -0.043459881097078323 -0.918241322040557861 -0.918895244598388672 -0.393629491329193115 3.311210632324218750 -0.009885434992611408 -15.540044784545898438
0.999008834362030029 -0.035918779671192169 -0.026291478425264359 0.393599182367324829 -0.008986214175820351 -0.043365828692913055 -0.918580174446105957 -0.919227302074432373 -0.392848432064056396 3.487018823623657227 -0.010040195658802986 -15.613076210021972656
0.998948037624359131 -0.037575993686914444 -0.026284294202923775 0.392615467309951782 -0.028701769188046455 -0.044876545667648315 -0.918934762477874756 -0.919654369354248047 -0.391848117113113403 3.660665750503540039 -0.009429468773305416 -15.684382438659667969
0.998628258705139160 -0.045232575386762619 -0.026373568922281265 0.391540944576263428 -0.046766296029090881 -0.051946509629487991 -0.919048249721527100 -0.920137286186218262 -0.390706866979598999 3.833477258682250977 -0.006565906107425690 -15.754339218139648438
0.998103559017181396 -0.055602576583623886 -0.026413558050990105 0.390763074159622192 -0.063472047448158264 -0.061502926051616669 -0.918810427188873291 -0.920487642288208008 -0.389877974987030029 4.008672237396240234 -0.002590832998976111 -15.826058387756347656
0.997785270214080811 -0.061005108058452606 -0.026512550190091133 0.390112966299057007 -0.078354068100452423 -0.066514365375041962 -0.918743848800659180 -0.920766770839691162 -0.389211505651473999 4.184740543365478516 -0.000614351418334991 -15.897294044494628906
0.997740983963012695 -0.061681974679231644 -0.026613013818860054 0.389308333396911621 -0.093317411839962006 -0.067176386713981628 -0.919039905071258545 -0.921107351779937744 -0.388397961854934692 4.359262943267822266 -0.000501269591040909 -15.968697547912597656
0.997739255428314209 -0.061685409396886826 -0.026670550927519798 0.388452291488647461 -0.107824802398681641 -0.067201405763626099 -0.919401824474334717 -0.921468615531921387 -0.387536108493804932 4.532629013061523438 -0.000615629367530346 -16.039533615112304688
0.997739434242248535 -0.061650607734918594 -0.026742655783891678 0.387567728757858276 -0.120873697102069855 -0.067196644842624664 -0.919777393341064453 -0.921840906143188477 -0.386644750833511353 4.705740451812744141 -0.000760407361667603 -16.109462738037109375
0.997740328311920166 -0.061566628515720367 -0.026904072612524033 0.386735975742340088 -0.132149264216423035 -0.067180894315242767 -0.920133054256439209 -0.922189950942993164 -0.385800331830978394 4.876807212829589844 -0.001002901582978666 -16.180025100708007812
0.997744023799896240 -0.061469577252864838 -0.026987915858626366 0.386231362819671631 -0.142164796590805054 -0.067123189568519592 -0.920351445674896240 -0.922401189804077148 -0.385289043188095093 5.050780773162841797 -0.001154814730398357 -16.252866744995117188
0.997745811939239502 -0.061402402818202972 -0.027073707431554794 0.385413795709609985 -0.150032758712768555 -0.067093208432197571 -0.920698642730712891 -0.922742903232574463 -0.384463965892791748 5.226914405822753906 -0.001319714123383164 -16.324226379394531250
0.997743487358093262 -0.061449084430932999 -0.027055541053414345 0.384447246789932251 -0.156411230564117432 -0.067127905786037445 -0.921099543571472168 -0.923145949840545654 -0.383496433496475220 5.404701232910156250 -0.001355341169983149 -16.394498825073242188
0.997749626636505127 -0.061378251761198044 -0.026988465338945389 0.383487612009048462 -0.162214100360870361 -0.067035317420959473 -0.921504199504852295 -0.923544943332672119 -0.382539302110671997 5.582888603210449219 -0.001390390796586871 -16.464775085449218750
0.997746348381042480 -0.061377406120300293 -0.027112087234854698 0.382622510194778442 -0.164914116263389587 -0.067080490291118622 -0.921863794326782227 -0.923903465270996094 -0.381663948297500610 5.760221481323242188 -0.001568108098581433 -16.534828186035156250
0.997744143009185791 -0.061349485069513321 -0.027255022898316383 0.381896972656250000 -0.167304322123527527 -0.067108005285263062 -0.922166407108306885 -0.924203217029571533 -0.380927264690399170 5.937235355377197266 -0.001763975946232677 -16.605775833129882812
0.997744202613830566 -0.061309464275836945 -0.027343455702066422 0.381197899580001831 -0.168936952948570251 -0.067103348672389984 -0.922458291053771973 -0.924491465091705322 -0.380220741033554077 6.114264011383056641 -0.001912066247314215 -16.676542282104492188
0.997742831707000732 -0.061314925551414490 -0.027381455525755882 0.380349218845367432 -0.170343682169914246 -0.067121058702468872 -0.922808170318603516 -0.924840748310089111 -0.379367649555206299 6.289894580841064453 -0.002006932627409697 -16.745649337768554688
0.997740089893341064 -0.061333440244197845 -0.027440002188086510 0.379526317119598389 -0.171239182353019714 -0.067158587276935577 -0.923145711421966553 -0.925178527832031250 -0.378538936376571655 6.463858604431152344 -0.002114023547619581 -16.813573837280273438
0.997738957405090332 -0.061302650719881058 -0.027549924328923225 0.378875106573104858 -0.171762868762016296 -0.067170217633247375 -0.923415184020996094 -0.925445020198822021 -0.377878963947296143 6.634705543518066406 -0.002275035716593266 -16.881923675537109375
0.997746527194976807 -0.061173614114522934 -0.027561385184526443 0.378323018550872803 -0.173312604427337646 -0.067053720355033875 -0.923650085926055908 -0.925670623779296875 -0.377325206995010376 6.803048610687255859 -0.002374728908762336 -16.949941635131835938
0.997747600078582764 -0.061116803437471390 -0.027648011222481728 0.377783685922622681 -0.173601105809211731 -0.067032434046268463 -0.923874557018280029 -0.925890445709228516 -0.376779019832611084 6.969257831573486328 -0.002515764208510518 -17.017873764038085938
0.997755587100982666 -0.061011821031570435 -0.027591826394200325 0.377206116914749146 -0.174123078584671021 -0.066912427544593811 -0.924117445945739746 -0.926125824451446533 -0.376204252243041992 7.135345458984375000 -0.002545182360336185 -17.085184097290039062
0.997763812541961670 -0.060856934636831284 -0.027637986466288567 0.376538127660751343 -0.173068165779113770 -0.066784448921680450 -0.924400031566619873 -0.926397204399108887 -0.375532120466232300 7.301165103912353516 -0.002694823313504457 -17.151096343994140625
0.997765719890594482 -0.060812607407569885 -0.027665872126817703 0.375867784023284912 -0.171001613140106201 -0.066751874983310699 -0.924675762653350830 -0.926669120788574219 -0.374858587980270386 7.465504646301269531 -0.002785833785310388 -17.214279174804687500
0.997767686843872070 -0.060785714536905289 -0.027653878554701805 0.375211119651794434 -0.169782727956771851 -0.066720448434352875 -0.924944162368774414 -0.926935076713562012 -0.374201357364654541 7.625542163848876953 -0.002832195721566677 -17.275682449340820312
0.997769296169281006 -0.060748551040887833 -0.027677673846483231 0.374823689460754395 -0.168566495180130005 -0.066693715751171112 -0.925103664398193359 -0.927091598510742188 -0.373811602592468262 7.780560493469238281 -0.002896204357966781 -17.336442947387695312
0.997771084308624268 -0.060679651796817780 -0.027764894068241119 0.374539107084274292 -0.166377365589141846 -0.066661588847637177 -0.925223469734191895 -0.927206158638000488 -0.373520821332931519 7.930821418762207031 -0.003023618133738637 -17.396198272705078125
0.997779548168182373 -0.060596171766519547 -0.027642585337162018 0.374221086502075195 -0.165235891938209534 -0.066537380218505859 -0.925357580184936523 -0.927334785461425781 -0.373210519552230835 8.074827194213867188 -0.002964148297905922 -17.453248977661132812
0.997780084609985352 -0.060552120208740234 -0.027718646451830864 0.373366415500640869 -0.164025679230690002 -0.066522121429443359 -0.925705671310424805 -0.927678704261779785 -0.372349083423614502 8.210274696350097656 -0.003112780861556530 -17.499137878417968750
0.997781932353973389 -0.060555607080459595 -0.027643911540508270 0.372729420661926270 -0.163949653506278992 -0.066495358943939209 -0.925962090492248535 -0.927934944629669189 -0.371715694665908813 8.330830574035644531 -0.003087745048105717 -17.546380996704101562
0.997786819934844971 -0.060489282011985779 -0.027613662183284760 0.372339516878128052 -0.164573550224304199 -0.066421240568161011 -0.926123261451721191 -0.928091406822204590 -0.371327191591262817 8.437705039978027344 -0.003112340578809381 -17.589900970458984375
0.997790336608886719 -0.060416944324970245 -0.027644233778119087 0.371963858604431152 -0.165649399161338806 -0.066364184021949768 -0.926278948783874512 -0.928241729736328125 -0.370948940515518188 8.529732704162597656 -0.003194672055542469 -17.626707077026367188
0.997795164585113525 -0.060336064547300339 -0.027647910639643669 0.371622383594512939 -0.166481748223304749 -0.066289275884628296 -0.926421284675598145 -0.928378283977508545 -0.370606750249862671 8.608950614929199219 -0.003252658061683178 -17.657791137695312500
0.997800648212432861 -0.060212254524230957 -0.027718683704733849 0.371374249458312988 -0.166460275650024414 -0.066199705004692078 -0.926528811454772949 -0.928477108478546143 -0.370353817939758301 8.675312042236328125 -0.003382321679964662 -17.684144973754882812
0.997807383537292480 -0.060098692774772644 -0.027722390368580818 0.371093511581420898 -0.166132062673568726 -0.066094592213630676 -0.926648676395416260 -0.928589105606079102 -0.370072633028030396 8.728863716125488281 -0.003448033705353737 -17.704574584960937500
0.997812449932098389 -0.059984486550092697 -0.027788281440734863 0.370898365974426270 -0.164275020360946655 -0.066012218594551086 -0.926734209060668945 -0.928666591644287109 -0.369873136281967163 8.770606040954589844 -0.003565700026229024 -17.719306945800781250
0.997823119163513184 -0.059929803013801575 -0.027520636096596718 0.370631903409957886 -0.165528193116188049 -0.065861254930496216 -0.926844358444213867 -0.928773760795593262 -0.369623959064483643 8.798629760742187500 -0.003355854190886021 -17.730524063110351562
0.997820258140563965 -0.059903685003519058 -0.027681017294526100 0.370747923851013184 -0.159391552209854126 -0.065896846354007721 -0.926799595355987549 -0.928726911544799805 -0.369729727506637573 8.820179939270019531 -0.003506583394482732 -17.738903045654296875
0.997823774814605713 -0.059876378625631332 -0.027614688500761986 0.370893597602844238 -0.153704062104225159 -0.065847449004650116 -0.926743090152740479 -0.928668975830078125 -0.369880169630050659 8.835417747497558594 -0.003444636240601540 -17.744035720825195312
0.997828662395477295 -0.059850748628377914 -0.027492176741361618 0.371008515357971191 -0.148075461387634277 -0.065778642892837524 -0.926698744297027588 -0.928623497486114502 -0.370003521442413330 8.845811843872070312 -0.003331978339701891 -17.747190475463867188
0.997829198837280273 -0.059803713113069534 -0.027575900778174400 0.371273994445800781 -0.141281321644783020 -0.065766990184783936 -0.926595449447631836 -0.928517103195190430 -0.370264172554016113 8.855100631713867188 -0.003408532124012709 -17.748653411865234375
0.997832000255584717 -0.059716947376728058 -0.027662226930260658 0.371384859085083008 -0.135100618004798889 -0.065718866884708405 -0.926556646823883057 -0.928472399711608887 -0.370369881391525269 8.860965728759765625 -0.003513260977342725 -17.748977661132812500
0.997837424278259277 -0.059588275849819183 -0.027744539082050323 0.371605902910232544 -0.128596320748329163 -0.065630808472633362 -0.926476299762725830 -0.928383529186248779 -0.370586454868316650 8.866763114929199219 -0.003622050164267421 -17.750888824462890625
0.997845530509948730 -0.059460282325744629 -0.027727618813514709 0.371765792369842529 -0.122857794165611267 -0.065506316721439362 -0.926420331001281738 -0.928319394588470459 -0.370748251676559448 8.870817184448242188 -0.003642635187134147 -17.751501083374023438
0.997852683067321777 -0.059344444423913956 -0.027718296274542809 0.371959149837493896 -0.117270581424236298 -0.065396070480346680 -0.926350176334381104 -0.928241848945617676 -0.370943039655685425 8.874349594116210938 -0.003663439070805907 -17.752254486083984375
0.997853577136993408 -0.059230521321296692 -0.027928400784730911 0.372231364250183105 -0.108765974640846252 -0.065369561314582825 -0.926248133182525635 -0.928131878376007080 -0.371202468872070312 8.878643035888671875 -0.003882112214341760 -17.753192901611328125
0.997865319252014160 -0.059194061905145645 -0.027583986520767212 0.372197777032852173 -0.108657017350196838 -0.065207459032535553 -0.926263928413391113 -0.928146541118621826 -0.371191471815109253 8.879545211791992188 -0.003577720373868942 -17.752365112304687500
0.997862756252288818 -0.059122681617736816 -0.027828751131892204 0.372309088706970215 -0.100862257182598114 -0.065232709050178528 -0.926223754882812500 -0.928100943565368652 -0.371287286281585693 8.881027221679687500 -0.003824149258434772 -17.751995086669921875
0.997861444950103760 -0.059018488973379135 -0.028094766661524773 0.372398227453231812 -0.094143830239772797 -0.065235376358032227 -0.926194548606872559 -0.928063988685607910 -0.371359616518020630 8.881132125854492188 -0.004104136489331722 -17.750589370727539062
0.997865915298461914 -0.058985978364944458 -0.028005508705973625 0.372449696063995361 -0.094143830239772797 -0.065172202885150909 -0.926175951957702637 -0.928043603897094727 -0.371417164802551270 8.881132125854492188 -0.004029623232781887 -17.750589370727539062
0.997867405414581299 -0.058883786201477051 -0.028166783973574638 0.372560530900955200 -0.089572601020336151 -0.065137885510921478 -0.926137864589691162 -0.927998363971710205 -0.371518105268478394 8.881947517395019531 -0.004209931474179029 -17.748561859130859375
0.997868955135345459 -0.058860182762145996 -0.028161734342575073 0.372698068618774414 -0.087719932198524475 -0.065114729106426239 -0.926084041595458984 -0.927943110466003418 -0.371656358242034912 8.882591247558593750 -0.004204371944069862 -17.747444152832031250
0.997875154018402100 -0.058747213333845139 -0.028177898377180099 0.372817516326904297 -0.085681907832622528 -0.065016455948352814 -0.926043152809143066 -0.927894949913024902 -0.371775448322296143 8.883958816528320312 -0.004253176972270012 -17.746517181396484375
0.997883260250091553 -0.058641292154788971 -0.028109619393944740 0.372866928577423096 -0.085177898406982422 -0.064892947673797607 -0.926029920578002930 -0.927875220775604248 -0.371829867362976074 8.885478019714355469 -0.004225764423608780 -17.745563507080078125
0.997886955738067627 -0.058574911206960678 -0.028118489310145378 0.373173564672470093 -0.083401449024677277 -0.064836062490940094 -0.925910592079162598 -0.927751898765563965 -0.372136831283569336 8.889687538146972656 -0.004237326327711344 -17.748027801513671875
0.997889935970306396 -0.058503061532974243 -0.028161857277154922 0.373142749071121216 -0.080321215093135834 -0.064785428345203400 -0.925927579402923584 -0.927763938903808594 -0.372103422880172729 8.897308349609375000 -0.004306650254875422 -17.750099182128906250
0.997890830039978027 -0.058519922196865082 -0.028094688430428505 0.372953712940216064 -0.078441224992275238 -0.064775153994560242 -0.926002681255340576 -0.927840232849121094 -0.371918290853500366 8.911094665527343750 -0.004251126665621996 -17.753688812255859375
0.997894287109375000 -0.058486040681600571 -0.028042351827025414 0.372733592987060547 -0.076645910739898682 -0.064723201096057892 -0.926093459129333496 -0.927928745746612549 -0.371701300144195557 8.925742149353027344 -0.004230501595884562 -17.759115219116210938
0.997894048690795898 -0.058495178818702698 -0.028031732887029648 0.372593551874160767 -0.074947580695152283 -0.064727090299129486 -0.926149189472198486 -0.927985012531280518 -0.371561616659164429 8.944416046142578125 -0.004227003082633018 -17.765447616577148438
0.997891664505004883 -0.058536816388368607 -0.028028963133692741 0.372319638729095459 -0.074080877006053925 -0.064763456583023071 -0.926256716251373291 -0.928094923496246338 -0.371287196874618530 8.964264869689941406 -0.004228046629577875 -17.772346496582031250
0.997888088226318359 -0.058617535978555679 -0.027988418936729431 0.372202873229980469 -0.073724895715713501 -0.064822770655155182 -0.926298558712005615 -0.928142011165618896 -0.371172487735748291 8.987023353576660156 -0.004168415442109108 -17.782461166381835938
0.997885465621948242 -0.058643411844968796 -0.028028506785631180 0.372129797935485840 -0.072517961263656616 -0.064861364662647247 -0.926326274871826172 -0.928171217441558838 -0.371096551418304443 9.013951301574707031 -0.004201174713671207 -17.793142318725585938
0.997889637947082520 -0.058633655309677124 -0.027898268774151802 0.371892154216766357 -0.072083003818988800 -0.064802825450897217 -0.926422297954559326 -0.928266882896423340 -0.370866924524307251 9.044486045837402344 -0.004100294783711433 -17.804006576538085938
0.997898221015930176 -0.058561217039823532 -0.027744736522436142 0.371747881174087524 -0.071040600538253784 -0.064677901566028595 -0.926484823226928711 -0.928325116634368896 -0.370732635259628296 9.076766967773437500 -0.003994521684944630 -17.815587997436523438
0.997900247573852539 -0.058548733592033386 -0.027697596698999405 0.371709108352661133 -0.069634109735488892 -0.064648628234863281 -0.926501154899597168 -0.928340792655944824 -0.370696872472763062 9.108759880065917969 -0.003958023618906736 -17.828500747680664062
0.997898161411285400 -0.058592345565557480 -0.027679564431309700 0.371486604213714600 -0.068117044866085052 -0.064681477844715118 -0.926587641239166260 -0.928429961204528809 -0.370474934577941895 9.140694618225097656 -0.003940546885132790 -17.839246749877929688
0.997899651527404785 -0.058617442846298218 -0.027572287246584892 0.371068596839904785 -0.067256554961204529 -0.064663216471672058 -0.926753520965576172 -0.928597450256347656 -0.370062947273254395 9.167048454284667969 -0.003860570024698973 -17.850053787231445312
0.997898876667022705 -0.058617085218429565 -0.027601569890975952 0.370995104312896729 -0.064820103347301483 -0.064673438668251038 -0.926782965660095215 -0.928626656532287598 -0.369987398386001587 9.189744949340820312 -0.003893082030117512 -17.859539031982421875
0.997903585433959961 -0.058591499924659729 -0.027485053986310959 0.370998948812484741 -0.063369408249855042 -0.064606487751007080 -0.926783025264739990 -0.928625524044036865 -0.369998902082443237 9.207054138183593750 -0.003793892683461308 -17.867080688476562500
0.997905969619750977 -0.058565337210893631 -0.027455922216176987 0.371023714542388916 -0.061553068459033966 -0.064571492373943329 -0.926774799823760986 -0.928615748882293701 -0.370025694370269775 9.219278335571289062 -0.003774776356294751 -17.872463226318359375
0.997904956340789795 -0.058572117239236832 -0.027477927505970001 0.371243894100189209 -0.058287821710109711 -0.064586848020553589 -0.926686167716979980 -0.928527712821960449 -0.370244860649108887 9.230188369750976562 -0.003777390578761697 -17.876890182495117188
0.997901141643524170 -0.058634068816900253 -0.027483861893415451 0.371418595314025879 -0.055560536682605743 -0.064647287130355835 -0.926612257957458496 -0.928457975387573242 -0.370419293642044067 9.238112449645996094 -0.003747692797333002 -17.880123138427734375
0.997896850109100342 -0.058730494230985641 -0.027434587478637695 0.371687829494476318 -0.054030746221542358 -0.064719595015048981 -0.926498174667358398 -0.928350627422332764 -0.370691895484924316 9.246473312377929688 -0.003647177712991834 -17.882926940917968750
0.997895300388336182 -0.058712501078844070 -0.027528608217835426 0.371929377317428589 -0.051471211016178131 -0.064738787710666656 -0.926402390003204346 -0.928253531455993652 -0.370927900075912476 9.253523826599121094 -0.003724463284015656 -17.887126922607421875
0.997891843318939209 -0.058781743049621582 -0.027506912127137184 0.372123271226882935 -0.050260141491889954 -0.064795769751071930 -0.926320135593414307 -0.928176105022430420 -0.371123313903808594 9.260134696960449219 -0.003664930816739798 -17.890375137329101562
0.997888743877410889 -0.058834526687860489 -0.027505556121468544 0.372216522693634033 -0.048273708671331406 -0.064844630658626556 -0.926279306411743164 -0.928138792514801025 -0.371216684579849243 9.267302513122558594 -0.003637470072135329 -17.893146514892578125
0.997884988784790039 -0.058877378702163696 -0.027549883350729942 0.372480213642120361 -0.045491755008697510 -0.064901933073997498 -0.926170587539672852 -0.928032994270324707 -0.371477842330932617 9.275752067565917969 -0.003644249169155955 -17.897846221923828125
0.997880160808563232 -0.058963816612958908 -0.027539309114217758 0.372602164745330811 -0.043397087603807449 -0.064978696405887604 -0.926116049289703369 -0.927984237670898438 -0.371600419282913208 9.284089088439941406 -0.003593616420403123 -17.902397155761718750
0.997879743576049805 -0.058983761817216873 -0.027512986212968826 0.372653871774673462 -0.041484422981739044 -0.064987599849700928 -0.926093935966491699 -0.927963614463806152 -0.371653854846954346 9.294810295104980469 -0.003558067604899406 -17.907411575317382812
0.997876584529876709 -0.059053182601928711 -0.027478601783514023 0.372732102870941162 -0.039934385567903519 -0.065039522945880890 -0.926058053970336914 -0.927932441234588623 -0.371734261512756348 9.309199333190917969 -0.003494688309729099 -17.913269042968750000
0.997869968414306641 -0.059139691293239594 -0.027531925588846207 0.372631728649139404 -0.037123445421457291 -0.065139286220073700 -0.926092922687530518 -0.927972614765167236 -0.371629893779754639 9.323626518249511719 -0.003519045654684305 -17.919525146484375000
0.997873842716217041 -0.059092272073030472 -0.027493447065353394 0.372336030006408691 -0.034000094980001450 -0.065079823136329651 -0.926214873790740967 -0.928091287612915039 -0.371336281299591064 9.338420867919921875 -0.003521734848618507 -17.924421310424804688
0.997871279716491699 -0.059130493551492691 -0.027504334226250648 0.372205197811126709 -0.031262755393981934 -0.065118856728076935 -0.926265001296997070 -0.928143739700317383 -0.371204346418380737 9.351555824279785156 -0.003526806365698576 -17.931089401245117188
0.997870087623596191 -0.059163071215152740 -0.027477100491523743 0.372332155704498291 -0.029821963980793953 -0.065139442682266235 -0.926211893558502197 -0.928093016147613525 -0.371333211660385132 9.363063812255859375 -0.003480404382571578 -17.937171936035156250
0.997784197330474854 -0.060693260282278061 -0.027257572859525681 0.372409313917160034 -0.032486099749803543 -0.066478244960308075 -0.926081895828247070 -0.928064644336700439 -0.371420264244079590 9.371850967407226562 -0.002700037555769086 -17.942550659179687500
0.997003853321075439 -0.072516784071922302 -0.026919635012745857 0.372626781463623047 -0.037819944322109222 -0.077325031161308289 -0.925143539905548096 -0.927979052066802979 -0.371658772230148315 9.377924919128417969 0.002046972513198853 -17.947244644165039062
0.994308590888977051 -0.103296324610710144 -0.026083366945385933 0.373255044221878052 -0.050410915166139603 -0.105555102229118347 -0.921960175037384033 -0.927616357803344727 -0.372622579336166382 9.390995025634765625 0.014442715793848038 -17.952436447143554688
0.986879944801330566 -0.159345537424087524 -0.026018047705292702 0.372208684682846069 -0.048853591084480286 -0.157471433281898499 -0.914368450641632080 -0.927464306354522705 -0.373005449771881104 9.392725944519042969 0.035646665841341019 -17.956693649291992188
0.980726063251495361 -0.193554490804672241 -0.026703264564275742 0.371527671813964844 -0.034706596285104752 -0.189380109310150146 -0.908021926879882812 -0.927176177501678467 -0.373672753572463989 9.402729988098144531 0.048078890889883041 -17.965591430664062500
0.975331664085388184 -0.219123974442481995 -0.026699870824813843 0.370568990707397461 -0.033053796738386154 -0.213022038340568542 -0.902586996555328369 -0.926999926567077637 -0.374110013246536255 9.411351203918457031 0.057877514511346817 -17.971956253051757812
0.970652759075164795 -0.238969504833221436 -0.026958320289850235 0.369516909122467041 -0.028064006939530373 -0.231469959020614624 -0.897970378398895264 -0.926931738853454590 -0.374260365962982178 9.418457984924316406 0.065229043364524841 -17.978338241577148438
0.967519164085388184 -0.251339942216873169 -0.027108628302812576 0.368683218955993652 -0.023237084969878197 -0.242969140410423279 -0.894930660724639893 -0.926930427551269531 -0.374252676963806152 9.427552223205566406 0.069804303348064423 -17.985614776611328125
0.966258287429809570 -0.256134808063507080 -0.027199929580092430 0.368200957775115967 -0.019437516108155251 -0.247450023889541626 -0.893769025802612305 -0.926992297172546387 -0.374092847108840942 9.435199737548828125 0.071507744491100311 -17.992189407348632812
0.965828478336334229 -0.257751911878585815 -0.027189726009964943 0.368010222911834717 -0.017310597002506256 -0.248947530984878540 -0.893382549285888672 -0.927021026611328125 -0.374022305011749268 9.444435119628906250 0.072114139795303345 -17.999843597412109375
0.965782880783081055 -0.257919669151306152 -0.027218833565711975 0.367946445941925049 -0.015792056918144226 -0.249118119478225708 -0.893360435962677002 -0.927044689655303955 -0.373961627483367920 9.455991744995117188 0.072135828435420990 -18.008932113647460938
0.965777397155761719 -0.257944673299789429 -0.027175620198249817 0.367838770151138306 -0.013749021105468273 -0.249133065342903137 -0.893397569656372070 -0.927085757255554199 -0.373862981796264648 9.469464302062988281 0.072157330811023712 -18.019147872924804688
0.965781271457672119 -0.257932931184768677 -0.027149340137839317 0.367860138416290283 -0.010287569835782051 -0.249110385775566101 -0.893392145633697510 -0.927075207233428955 -0.373891025781631470 9.488213539123535156 0.072183802723884583 -18.032728195190429688
0.965790629386901855 -0.257896691560745239 -0.027161484584212303 0.367778569459915161 -0.003623553318902850 -0.249088376760482788 -0.893436193466186523 -0.927111387252807617 -0.373800426721572876 9.516028404235839844 0.072134844958782196 -18.049461364746093750
0.965808331966400146 -0.257847219705581665 -0.027000669389963150 0.367417454719543457 0.005709368735551834 -0.249009832739830017 -0.893599033355712891 -0.927251875400543213 -0.373463362455368042 9.552734375000000000 0.072168715298175812 -18.067909240722656250
0.965799391269683838 -0.257897078990936279 -0.026843814179301262 0.366900503635406494 0.018055630847811699 -0.249036833643913269 -0.893797039985656738 -0.927454531192779541 -0.372971266508102417 9.596492767333984375 0.072195284068584442 -18.088768005371093750
0.965788006782531738 -0.257957071065902710 -0.026676416397094727 0.366430521011352539 0.032712187618017197 -0.249065339565277100 -0.893972516059875488 -0.927636086940765381 -0.372531354427337646 9.647669792175292969 0.072249114513397217 -18.113372802734375000
0.965797245502471924 -0.257950723171234131 -0.026401635259389877 0.365825355052947998 0.049373537302017212 -0.249002531170845032 -0.894222140312194824 -0.927867710590362549 -0.371973812580108643 9.706011772155761719 0.072341993451118469 -18.139698028564453125
0.965794384479522705 -0.257981687784194946 -0.026204014196991920 0.365118533372879028 0.068083353340625763 -0.249012127518653870 -0.894502043724060059 -0.928145647048950195 -0.371293753385543823 9.769186973571777344 0.072347439825534821 -18.167673110961914062
0.965821027755737305 -0.257897615432739258 -0.026048291474580765 0.364497840404510498 0.088941812515258789 -0.248925149440765381 -0.894779384136199951 -0.928393959999084473 -0.370683342218399048 9.836908340454101562 0.072290875017642975 -18.196565628051757812
0.965828120708465576 -0.257903963327407837 -0.025721684098243713 0.363690912723541260 0.109451755881309509 -0.248870983719825745 -0.895105838775634766 -0.928703188896179199 -0.369930744171142578 9.905964851379394531 0.072382979094982147 -18.223218917846679688
0.965841233730316162 -0.257879674434661865 -0.025471596047282219 0.363017350435256958 0.128151431679725647 -0.248807385563850403 -0.895386219024658203 -0.928963303565979004 -0.369294494390487671 9.968847274780273438 0.072426624596118927 -18.246450424194335938
0.965841531753540039 -0.257886171340942383 -0.025394849479198456 0.362763971090316772 0.145263090729713440 -0.248804524540901184 -0.895487010478973389 -0.929061770439147949 -0.369051873683929443 10.021939277648925781 0.072432614862918854 -18.272747039794921875
0.965856611728668213 -0.257836252450942993 -0.025328041985630989 0.362692475318908691 0.158121079206466675 -0.248738795518875122 -0.895530343055725098 -0.929087758064270020 -0.368991017341613770 10.063207626342773438 0.072457231581211090 -18.293228149414062500
0.965814828872680664 -0.257997542619705200 -0.025277927517890930 0.362733513116836548 0.168642088770866394 -0.248864889144897461 -0.895467281341552734 -0.929062128067016602 -0.369059056043624878 10.095737457275390625 0.072580769658088684 -18.309745788574218750
0.965692043304443359 -0.258458495140075684 -0.025260945782065392 0.362642616033554077 0.177105233073234558 -0.249290347099304199 -0.895371198654174805 -0.929084002971649170 -0.369005113840103149 10.118455886840820312 0.072754584252834320 -18.321313858032226562
0.965418159961700439 -0.259479463100433350 -0.025261290371417999 0.362785071134567261 0.183746442198753357 -0.250219166278839111 -0.895018100738525391 -0.928993463516235352 -0.369232952594757080 10.138562202453613281 0.073199056088924408 -18.331556320190429688
0.964765191078186035 -0.261900097131729126 -0.025227645412087440 0.362622648477554321 0.188979566097259521 -0.252448499202728271 -0.894378662109375000 -0.928981661796569824 -0.369264930486679077 10.152786254882812500 0.074147455394268036 -18.338811874389648438
0.963744819164276123 -0.265641629695892334 -0.025109721347689629 0.362436860799789429 0.192417711019515991 -0.255862951278686523 -0.893349885940551758 -0.928929150104522705 -0.369405090808868408 10.165723800659179688 0.075697600841522217 -18.345230102539062500
0.959843695163726807 -0.279451280832290649 -0.024638799950480461 0.361570030450820923 0.188054978847503662 -0.268458098173141479 -0.889479696750640869 -0.928782403469085693 -0.369805574417114258 10.177638053894042969 0.081426925957202911 -18.351131439208984375
0.953689694404602051 -0.299754470586776733 -0.024964600801467896 0.360099643468856812 0.196615949273109436 -0.287363022565841675 -0.883445262908935547 -0.928671002388000488 -0.370063483715057373 10.183828353881835938 0.088873326778411865 -18.354112625122070312
0.951440691947937012 -0.306777954101562500 -0.025454176589846611 0.359559625387191772 0.207842960953712463 -0.294046372175216675 -0.881251454353332520 -0.928665459156036377 -0.370043992996215820 10.187117576599121094 0.091089800000190735 -18.356019973754882812
0.951249420642852783 -0.307361096143722534 -0.025568407028913498 0.359658539295196533 0.210829421877861023 -0.294614911079406738 -0.881007850170135498 -0.928611397743225098 -0.370171815156936646 10.190909385681152344 0.091250449419021606 -18.357295989990234375
0.951220393180847168 -0.307452082633972168 -0.025554411113262177 0.359700322151184082 0.212005391716957092 -0.294688493013381958 -0.880959093570709229 -0.928588807582855225 -0.370229363441467285 10.193961143493652344 0.091315403580665588 -18.358957290649414062
0.951190412044525146 -0.307546555995941162 -0.025533290579915047 0.359750837087631226 0.212763473391532898 -0.294761598110198975 -0.880905449390411377 -0.928561747074127197 -0.370298743247985840 10.197390556335449219 0.091391697525978088 -18.360589981079101562
0.951178729534149170 -0.307581216096878052 -0.025551084429025650 0.359755277633666992 0.213468253612518311 -0.294799804687500000 -0.880891561508178711 -0.928560197353363037 -0.370301425457000732 10.198312759399414062 0.091390028595924377 -18.361867904663085938
0.951145350933074951 -0.307687699794769287 -0.025509841740131378 0.359823584556579590 0.213614925742149353 -0.294874221086502075 -0.880826473236083984 -0.928523182868957520 -0.370396971702575684 10.201343536376953125 0.091496855020523071 -18.363451004028320312
0.950802028179168701 -0.308751791715621948 -0.025453424081206322 0.359756827354431152 0.212595745921134949 -0.295833915472030640 -0.880481302738189697 -0.928502678871154785 -0.370452344417572021 10.203752517700195312 0.091966561973094940 -18.365182876586914062
0.949449539184570312 -0.312895387411117554 -0.025339562445878983 0.359426647424697876 0.210621297359466553 -0.299618601799011230 -0.879152417182922363 -0.928460121154785156 -0.370566755533218384 10.206317901611328125 0.093671299517154694 -18.366731643676757812
0.947522401809692383 -0.318683505058288574 -0.025339432060718536 0.358839452266693115 0.210594207048416138 -0.304978877305984497 -0.877311289310455322 -0.928463816642761230 -0.370557427406311035 10.206212043762207031 0.095859967172145844 -18.366945266723632812
0.944303452968597412 -0.328117907047271729 -0.025092765688896179 0.357896476984024048 0.207635760307312012 -0.313613384962081909 -0.874213218688964844 -0.928424715995788574 -0.370672225952148438 10.207672119140625000 0.099687762558460236 -18.368164062500000000
0.939181566238403320 -0.342516809701919556 -0.024903606623411179 0.356351852416992188 0.205929711461067200 -0.326865136623382568 -0.869307518005371094 -0.928394436836242676 -0.370760798454284668 10.209478378295898438 0.105342909693717957 -18.369770050048828125
0.930794894695281982 -0.364729702472686768 -0.024352716282010078 0.353497773408889771 0.199631661176681519 -0.347236484289169312 -0.861400902271270752 -0.928435087203979492 -0.370695650577545166 10.208527565002441406 0.114226266741752625 -18.369173049926757812
0.917416512966156006 -0.397191762924194336 -0.024200377985835075 0.349280774593353271 0.199319720268249512 -0.377209007740020752 -0.848670482635498047 -0.928408622741699219 -0.370771795511245728 10.208826065063476562 0.126729369163513184 -18.370151519775390625
0.901007652282714844 -0.433113753795623779 -0.024448329582810402 0.344117403030395508 0.206199899315834045 -0.410514384508132935 -0.833064019680023193 -0.928396463394165039 -0.370785981416702271 10.208802223205566406 0.140225484967231750 -18.372381210327148438
0.895211875438690186 -0.444928765296936035 -0.025180395692586899 0.342740625143051147 0.220195084810256958 -0.421653985977172852 -0.827385783195495605 -0.928291618824005127 -0.370999544858932495 10.208493232727050781 0.144234463572502136 -18.376194000244140625
0.894852101802825928 -0.445651501417160034 -0.025188833475112915 0.342592477798461914 0.221939802169799805 -0.422330975532531738 -0.827058136463165283 -0.928307116031646729 -0.370960146188735962 10.206815719604492188 0.144486322999000549 -18.377603530883789062
0.894790351390838623 -0.445775359869003296 -0.025191431865096092 0.342581301927566528 0.222661912441253662 -0.422444969415664673 -0.826996028423309326 -0.928303599357604980 -0.370968818664550781 10.205915451049804688 0.144535541534423828 -18.379043579101562500
0.894683241844177246 -0.445997178554534912 -0.025067582726478577 0.342454940080642700 0.220742076635360718 -0.422614485025405884 -0.826928734779357910 -0.928324162960052490 -0.370925694704055786 10.204676628112792969 0.144702702760696411 -18.380599975585937500
0.894635081291198730 -0.446089297533035278 -0.025147791951894760 0.342463105916976929 0.220467701554298401 -0.422728836536407471 -0.826875686645507812 -0.928326785564422607 -0.370913714170455933 10.204141616821289062 0.144666537642478943 -18.382503509521484375
0.894603908061981201 -0.446151703596115112 -0.025149229913949966 0.342457443475723267 0.218626275658607483 -0.422786325216293335 -0.826844334602355957 -0.928325057029724121 -0.370917975902557373 10.203595161437988281 0.144691184163093567 -18.384708404541015625
0.894572794437408447 -0.446217626333236694 -0.025087155401706696 0.342380970716476440 0.216512680053710938 -0.422833055257797241 -0.826840400695800781 -0.928344488143920898 -0.370873451232910156 10.202874183654785156 0.144747197628021240 -18.386589050292968750
0.894502997398376465 -0.446360170841217041 -0.025038665160536766 0.342234671115875244 0.214708775281906128 -0.422966271638870239 -0.826824069023132324 -0.928391933441162109 -0.370757997035980225 10.201747894287109375 0.144789025187492371 -18.388153076171875000
0.894462049007415771 -0.446446835994720459 -0.024957157671451569 0.342066168785095215 0.212644845247268677 -0.423039674758911133 -0.826847016811370850 -0.928447961807250977 -0.370623111724853516 10.200365066528320312 0.144827753305435181 -18.389820098876953125
0.894431769847869873 -0.446509987115859985 -0.024912253022193909 0.342011451721191406 0.211253151297569275 -0.423087239265441895 -0.826835513114929199 -0.928460657596588135 -0.370594382286071777 10.199908256530761719 0.144875764846801758 -18.391599655151367188
0.894423484802246094 -0.446531981229782104 -0.024816187098622322 0.341948002576828003 0.209713578224182129 -0.423078238964080811 -0.826849877834320068 -0.928471922874450684 -0.370572596788406372 10.198924064636230469 0.144953250885009766 -18.393991470336914062
0.894313812255859375 -0.446759819984436035 -0.024666924029588699 0.341899603605270386 0.207597628235816956 -0.423229038715362549 -0.826746821403503418 -0.928452849388122559 -0.370630353689193726 10.198611259460449219 0.145189449191093445 -18.397546768188476562
0.894029378890991211 -0.447332561016082764 -0.024596644565463066 0.341741263866424561 0.205206230282783508 -0.423740863800048828 -0.826502561569213867 -0.928470671176910400 -0.370590329170227051 10.196767807006835938 0.145447939634323120 -18.400222778320312500
0.893468916416168213 -0.448457896709442139 -0.024471689015626907 0.341478347778320312 0.202147439122200012 -0.424743413925170898 -0.826001226902008057 -0.928485929965972900 -0.370560377836227417 10.196589469909667969 0.145967081189155579 -18.402908325195312500
0.892274618148803711 -0.450839549303054810 -0.024284252896904945 0.341024070978164673 0.199237674474716187 -0.426878690719604492 -0.824891686439514160 -0.928483724594116211 -0.370578318834304810 10.196793556213378906 0.147039487957954407 -18.405384063720703125
0.889906048774719238 -0.455511718988418579 -0.024006860330700874 0.340088367462158203 0.194519743323326111 -0.431111335754394531 -0.822708308696746826 -0.928509354591369629 -0.370532095432281494 10.195999145507812500 0.149031057953834534 -18.407411575317382812
0.885359048843383789 -0.464296430349349976 -0.023837327957153320 0.338520646095275879 0.191969797015190125 -0.439175456762313843 -0.818433046340942383 -0.928514659404754639 -0.370529741048812866 10.194602012634277344 0.152526378631591797 -18.410369873046875000
0.880953907966613770 -0.472606271505355835 -0.023737911134958267 0.337005794048309326 0.190358653664588928 -0.446827292442321777 -0.814291357994079590 -0.928526520729064941 -0.370506405830383301 10.192852020263671875 0.155774071812629700 -18.412128448486328125
0.875549674034118652 -0.482556879520416260 -0.023486038669943810 0.335034698247909546 0.186218291521072388 -0.455954134464263916 -0.809253096580505371 -0.928565144538879395 -0.370425730943679810 10.190635681152343750 0.159745350480079651 -18.413791656494140625
0.870174288749694824 -0.492173284292221069 -0.023710515350103378 0.333208799362182617 0.189544305205345154 -0.464946597814559937 -0.804199814796447754 -0.928628265857696533 -0.370253026485443115 10.186438560485839844 0.163160651922225952 -18.415281295776367188
0.868538022041320801 -0.495048046112060547 -0.023856800049543381 0.332674145698547363 0.192517861723899841 -0.467664331197738647 -0.802655160427093506 -0.928652822971343994 -0.370182037353515625 10.183647155761718750 0.164109110832214355 -18.417449951171875000
0.868410766124725342 -0.495273232460021973 -0.023815184831619263 0.332471042871475220 0.192380324006080627 -0.467887520790100098 -0.802600443363189697 -0.928718984127044678 -0.370018690824508667 10.180480957031250000 0.164146274328231812 -18.417867660522460938
0.868332505226135254 -0.495411813259124756 -0.023786179721355438 0.332341730594635010 0.191381201148033142 -0.468024343252182007 -0.802568435668945312 -0.928761065006256104 -0.369914978742599487 10.177939414978027344 0.164170205593109131 -18.419973373413085938
0.868287205696105957 -0.495490014553070068 -0.023811306804418564 0.332333803176879883 0.190396249294281006 -0.468105912208557129 -0.802523434162139893 -0.928762674331665039 -0.369909405708312988 10.176882743835449219 0.164177283644676208 -18.422979354858398438
0.868279874324798584 -0.495505273342132568 -0.023760998621582985 0.332250535488128662 0.189752712845802307 -0.468115061521530151 -0.802548468112945557 -0.928790152072906494 -0.369843512773513794 10.175290107727050781 0.164190053939819336 -18.424661636352539062
0.868254959583282471 -0.495552808046340942 -0.023679902777075768 0.332200109958648682 0.188982427120208740 -0.468132913112640381 -0.802540004253387451 -0.928793966770172119 -0.369839251041412354 10.174895286560058594 0.164270803332328796 -18.427179336547851562
