0.000000000000000000e+00 -8.040480867243239294e-01 -1.595438526063050233e+01 -7.232669213063458447e-01 9.994934766951475424e-01 -8.019849591006857070e-03 -2.257428811824421094e-02 2.094930959098421225e-02
1.000000000000000056e-01 -7.960580233209544332e-01 -1.595317315745960940e+01 -7.218368952837777019e-01 9.994930094662951570e-01 -8.070004108850482860e-03 -2.262454223646796769e-02 2.089806570671016994e-02
2.000000000000000111e-01 -7.964790015010891899e-01 -1.594951662949001481e+01 -7.243238952328820979e-01 9.994930995699559118e-01 -8.186162386903790555e-03 -2.258290458325783526e-02 2.089361333041556482e-02
2.999999999999999889e-01 -7.948446269695048638e-01 -1.593489492409201524e+01 -7.289829425184167766e-01 9.994901529624669045e-01 -8.222555919185373097e-03 -2.260146418893156650e-02 2.099994099365188813e-02
4.000000000000000222e-01 -7.975193833456130088e-01 -1.592039579639639157e+01 -7.324242773864676481e-01 9.994877470348474402e-01 -8.237853888566772087e-03 -2.258219194732016127e-02 2.112879308833845102e-02
5.000000000000000000e-01 -8.001509693329085238e-01 -1.588740636793173344e+01 -7.427215370732460631e-01 9.994825383625314252e-01 -8.273434806856563850e-03 -2.260785081341988925e-02 2.133285884464641846e-02
5.999999999999999778e-01 -8.033566377186367458e-01 -1.582727361395192034e+01 -7.431860946384510891e-01 9.994783493591631318e-01 -8.269879104975910722e-03 -2.262309744643932821e-02 2.151357068923283669e-02
6.999999999999999556e-01 -8.120278764565386220e-01 -1.576246589200389359e+01 -7.408180511779656197e-01 9.994806651934362574e-01 -8.264187050962712444e-03 -2.253399084150929307e-02 2.150168304174416428e-02
8.000000000000000444e-01 -8.154267053862916947e-01 -1.570264703070398404e+01 -7.383031242678904649e-01 9.994866972346247991e-01 -8.258969107216351802e-03 -2.253884318825762068e-02 2.121631513818466458e-02
9.000000000000000222e-01 -8.157209612347587901e-01 -1.560784011514444281e+01 -7.314981913940804548e-01 9.994865665594178106e-01 -8.326566525968297217e-03 -2.259034173142979857e-02 2.114114513483724561e-02
1.000000000000000000e+00 -8.196651678566658772e-01 -1.549138930135234560e+01 -7.229616609053380882e-01 9.994864997790628980e-01 -8.343864109043329369e-03 -2.261200970386697748e-02 2.111430103695890320e-02
1.100000000000000089e+00 -8.108283293270329706e-01 -1.535592155869620790e+01 -7.232764596015726077e-01 9.994816936697956677e-01 -8.354325993956600305e-03 -2.277372146913054368e-02 2.116381030414934972e-02
1.199999999999999956e+00 -8.134814407188286633e-01 -1.523769418327539427e+01 -7.163620508151113953e-01 9.994885641577540003e-01 -8.338758235303424249e-03 -2.278241932737876466e-02 2.083354503093574894e-02
1.300000000000000044e+00 -8.223801818937015451e-01 -1.507663462577468394e+01 -7.057937927179326332e-01 9.994916442584915739e-01 -8.349503388149860650e-03 -2.271366005683741335e-02 2.075640858748694501e-02
1.399999999999999911e+00 -8.299367723630973748e-01 -1.489253681959933573e+01 -6.934735495771802150e-01 9.994920642399993671e-01 -8.391539809669328054e-03 -2.266601788671006659e-02 2.077130747081745721e-02
1.500000000000000000e+00 -8.261098786281905193e-01 -1.469840013817636404e+01 -6.711627657578788098e-01 9.994927195569085487e-01 -8.400839145153854437e-03 -2.270086999109267173e-02 2.069782491084788678e-02
1.600000000000000089e+00 -8.208563334945585543e-01 -1.450359703138755663e+01 -6.555478149144604583e-01 9.994966704497580956e-01 -8.376007905515035767e-03 -2.270860632449268196e-02 2.050774122651089978e-02
1.699999999999999956e+00 -8.085994056911001149e-01 -1.428086687795990528e+01 -6.455817003284878286e-01 9.994957632019810800e-01 -8.376389448863270915e-03 -2.276731004387614818e-02 2.048670384557434859e-02
1.800000000000000044e+00 -8.083619906845594949e-01 -1.404289859219824343e+01 -6.303283823699278310e-01 9.994979575902673830e-01 -8.447959361267243228e-03 -2.267797704122576780e-02 2.044930592543849415e-02
1.899999999999999911e+00 -8.042429123422007997e-01 -1.379740882178275108e+01 -6.142133887715492957e-01 9.995005370509590925e-01 -8.486268601279205182e-03 -2.266671839273223799e-02 2.031943791978878255e-02
2.000000000000000000e+00 -7.918310961923623603e-01 -1.354234657673858067e+01 -5.892764289471765782e-01 9.995023296852976191e-01 -8.562122469737691588e-03 -2.274886349285950085e-02 2.010652188369223964e-02
2.100000000000000089e+00 -7.832715364546996017e-01 -1.324524593439496201e+01 -5.738277743755031413e-01 9.994999045574234353e-01 -8.589636366476069429e-03 -2.273920743462069793e-02 2.022590868264357092e-02
2.200000000000000178e+00 -7.754294791023069733e-01 -1.295685597311440240e+01 -5.519746711895563429e-01 9.995033153806600623e-01 -8.630724643124226825e-03 -2.271828261535514121e-02 2.006272090749661521e-02
2.299999999999999822e+00 -7.762696927270642533e-01 -1.263937278230472927e+01 -5.389389940752030705e-01 9.995051185964745066e-01 -8.653339276949764680e-03 -2.257897582196559047e-02 2.012032478953634795e-02
2.399999999999999911e+00 -7.557132868569517159e-01 -1.231742843554204470e+01 -5.179505035648220845e-01 9.995047647289582171e-01 -8.712361585783458262e-03 -2.263732661250934114e-02 2.004673249053905842e-02
2.500000000000000000e+00 -7.387452413049587774e-01 -1.198124442956969560e+01 -4.889367616121484961e-01 9.995051500615567130e-01 -8.789950111515516806e-03 -2.263232477268801307e-02 1.999924130675077155e-02
2.600000000000000089e+00 -7.193826802491826156e-01 -1.162889696953381780e+01 -4.651902727373484758e-01 9.995030216375767607e-01 -8.869469382392351775e-03 -2.265608803113765626e-02 2.004355071722777742e-02
2.700000000000000178e+00 -6.978999568604760118e-01 -1.128514916758895481e+01 -4.385655056573793953e-01 9.995059635777714391e-01 -8.962689607842036499e-03 -2.269288294981188989e-02 1.981242112641370956e-02
2.799999999999999822e+00 -6.798867613551333733e-01 -1.094046884306618672e+01 -4.155633585444152289e-01 9.995114909552368365e-01 -9.078201575418068381e-03 -2.267373757526054343e-02 1.950044432734837629e-02
2.899999999999999911e+00 -6.643697524692203649e-01 -1.056786126188723074e+01 -3.934960888802023771e-01 9.995126793123969566e-01 -9.146592479632453809e-03 -2.266423572748109752e-02 1.941844892503404030e-02
3.000000000000000000e+00 -6.403510316071097108e-01 -1.019880337557007799e+01 -3.616196495981657821e-01 9.995167646591258670e-01 -9.176226437786986351e-03 -2.271601997341609475e-02 1.913155692261709478e-02
3.100000000000000089e+00 -6.289861899410322810e-01 -9.823100744362422532e+00 -3.335736901016079781e-01 9.995223781664837048e-01 -9.299226070068087463e-03 -2.265665050328937585e-02 1.884717822078960797e-02
3.200000000000000178e+00 -6.180290838364187467e-01 -9.421975884799310919e+00 -3.111137679783367305e-01 9.995247200708538005e-01 -9.370720982351785772e-03 -2.258116085641537207e-02 1.877803850056927043e-02
3.299999999999999822e+00 -5.914472217030675161e-01 -9.013392765651403238e+00 -2.828647387229539789e-01 9.995223511162564245e-01 -9.505307794953860717e-03 -2.269739721054462450e-02 1.869617347535625432e-02
3.399999999999999911e+00 -5.882684519186818228e-01 -8.606049806141310654e+00 -2.607427068778725987e-01 9.995289637742911237e-01 -9.567112970099697633e-03 -2.256471210978785655e-02 1.847037338852535251e-02
3.500000000000000000e+00 -5.660745168786104342e-01 -8.200811000009993634e+00 -2.373794566889804447e-01 9.995317525429658900e-01 -9.669280931315481914e-03 -2.267230355831945793e-02 1.813139034983021411e-02
3.600000000000000089e+00 -5.503323316890728067e-01 -7.777258438124949436e+00 -2.091429152528215818e-01 9.995343829635690014e-01 -9.730269086336736095e-03 -2.269777656363395832e-02 1.792066059643093040e-02
3.700000000000000178e+00 -5.358567207829479928e-01 -7.331614084314768576e+00 -1.855375557032444833e-01 9.995341570267339826e-01 -9.820112254054651213e-03 -2.269774354998061947e-02 1.788426039604009213e-02
3.799999999999999822e+00 -5.268384830948836806e-01 -6.883575764362282357e+00 -1.580587687311983680e-01 9.995365219668786994e-01 -9.850205628986554579e-03 -2.263552622791434321e-02 1.781425428715767770e-02
3.899999999999999911e+00 -5.135429154410254826e-01 -6.426531329974593199e+00 -1.348930331188655241e-01 9.995380349417147814e-01 -9.897544390679524628e-03 -2.261025316766896928e-02 1.773504360253770271e-02
4.000000000000000000e+00 -4.999428236137088422e-01 -5.957740045970135512e+00 -1.059192971882015055e-01 9.995397511606605168e-01 -9.901508015938222801e-03 -2.258116865492345443e-02 1.767305324138954137e-02
4.099999999999999645e+00 -4.742504387270540245e-01 -5.500061452941115370e+00 -7.367685949599028783e-02 9.995434955034779856e-01 -9.906312706590623268e-03 -2.263789462818844092e-02 1.738365013599812645e-02
4.200000000000000178e+00 -4.514975887760513951e-01 -5.033196647124515088e+00 -3.500213985874844891e-02 9.995471520426643108e-01 -1.000187545931762248e-02 -2.266803739950207230e-02 1.707669204354297574e-02
4.299999999999999822e+00 -4.331580443341762621e-01 -4.562272298086829991e+00 -2.273616273096829010e-03 9.995515670841765843e-01 -1.006336381497760155e-02 -2.267260033491121790e-02 1.677339090189494675e-02
4.400000000000000355e+00 -4.075484722776800406e-01 -4.065340609319995302e+00 2.697468164735419838e-02 9.995514339555499062e-01 -1.008890006363685754e-02 -2.273700690698462340e-02 1.667853380311358491e-02
4.500000000000000000e+00 -3.879358215123603904e-01 -3.576816134629263733e+00 6.273071289769409364e-02 9.995562743890655799e-01 -1.016410333931112853e-02 -2.269420759414029348e-02 1.639872782971490278e-02
4.599999999999999645e+00 -3.639899999452924639e-01 -3.061656033663942900e+00 9.546764911759063332e-02 9.995577773021467882e-01 -1.020345514240218396e-02 -2.269774765280433565e-02 1.627733360960979814e-02
4.700000000000000178e+00 -3.439200180210436608e-01 -2.542760842741593752e+00 1.274696675221828890e-01 9.995609710914640234e-01 -1.023932907610170320e-02 -2.262662433271204684e-02 1.615726097045135090e-02
4.799999999999999822e+00 -3.190223621079376626e-01 -2.019024578805304060e+00 1.562836909850076617e-01 9.995619875701203805e-01 -1.032234300600427465e-02 -2.263185475248323184e-02 1.603375783151061995e-02
4.900000000000000355e+00 -2.951483044498238728e-01 -1.486571672040409631e+00 1.868456318757952261e-01 9.995624719958419169e-01 -1.040359757548935810e-02 -2.262006349315595632e-02 1.596754403828646099e-02
5.000000000000000000e+00 -2.673952386399193748e-01 -9.529136305187674294e-01 2.249737084103795026e-01 9.995635690207401725e-01 -1.046159298898139550e-02 -2.263868908037609123e-02 1.583402397923937624e-02
5.099999999999999645e+00 -2.403495465105637829e-01 -4.256306801113932670e-01 2.620516229126959029e-01 9.995656285910563543e-01 -1.059410242356175619e-02 -2.266580450942262334e-02 1.557499403357120484e-02
5.200000000000000178e+00 -2.189992576662484758e-01 1.182709295073643696e-01 2.996953278126651687e-01 9.995687041849787846e-01 -1.058750064593921847e-02 -2.265326335138185057e-02 1.539935399837480054e-02
5.299999999999999822e+00 -2.018447188660856817e-01 6.625661403455729292e-01 3.412540334088532967e-01 9.995727691543727644e-01 -1.063660449534896760e-02 -2.258002668478458624e-02 1.520803093049416868e-02
5.400000000000000355e+00 -1.728671541288720748e-01 1.217542443203473157e+00 3.788522439888659665e-01 9.995729913016858648e-01 -1.066380123289994639e-02 -2.264406559283435247e-02 1.507861720757360836e-02
5.500000000000000000e+00 -1.512073531449326103e-01 1.770167902862718190e+00 4.222297719440123998e-01 9.995764715130287525e-01 -1.063668904064912768e-02 -2.264002027301257811e-02 1.487171563248031354e-02
5.599999999999999645e+00 -1.283374494933873788e-01 2.316702825816802758e+00 4.558822390303585714e-01 9.995811100667308935e-01 -1.067316219632646890e-02 -2.262815554372291441e-02 1.454835328076571274e-02
5.700000000000000178e+00 -1.033821935052373631e-01 2.890864081147545672e+00 4.959021898914227622e-01 9.995806537283382642e-01 -1.066978570055046940e-02 -2.265969150899056414e-02 1.453309140719717674e-02
5.799999999999999822e+00 -8.521699678759397933e-02 3.451393486054361581e+00 5.360042465964489633e-01 9.995830534419556379e-01 -1.073326300482855752e-02 -2.261634911240519713e-02 1.438808846759738816e-02
5.900000000000000355e+00 -5.734935127752534278e-02 4.021082532564549616e+00 5.704259691279065514e-01 9.995820956347121200e-01 -1.071965383462406343e-02 -2.268026024263016666e-02 1.436415342127861892e-02
6.000000000000000000e+00 -4.221046661069800809e-02 4.582326026605324287e+00 6.062077990456312682e-01 9.995865441075051372e-01 -1.065491882835348236e-02 -2.260427354347780554e-02 1.422182694127794092e-02
6.099999999999999645e+00 -2.831783353190512470e-02 5.119301307648394861e+00 6.505069131460096132e-01 9.995940356357706502e-01 -1.070427941505863734e-02 -2.251794355291327626e-02 1.378856561597250480e-02
6.200000000000000178e+00 -1.247025643709689414e-02 5.656723757110730055e+00 6.954592123258567238e-01 9.996007201748319249e-01 -1.069019807453745405e-02 -2.246369829906021132e-02 1.339784123705332029e-02
6.299999999999999822e+00 6.655417390335566230e-03 6.208997291871209079e+00 7.332475727182964365e-01 9.996039761436971149e-01 -1.071113196719136046e-02 -2.244334279000554516e-02 1.317037942136718709e-02
6.400000000000000355e+00 2.339703113836955062e-02 6.764668474324491143e+00 7.698213328661128729e-01 9.996072482165236917e-01 -1.071932553004993627e-02 -2.238905547413963179e-02 1.300675086813893669e-02
6.500000000000000000e+00 4.300596369094882715e-02 7.315313007492783015e+00 8.073229861430196719e-01 9.996114770273655248e-01 -1.069072686919974105e-02 -2.236431620121811029e-02 1.274522322396763607e-02
6.599999999999999645e+00 5.704798646743117901e-02 7.867005402660714353e+00 8.416250807665970335e-01 9.996165826823206757e-01 -1.072186869979803794e-02 -2.226645771472831464e-02 1.248735436118052038e-02
6.700000000000000178e+00 7.448417451575883863e-02 8.418547102206050070e+00 8.813674443235604006e-01 9.996210227491379996e-01 -1.073726077574358242e-02 -2.220368640810764169e-02 1.222777244191369968e-02
6.799999999999999822e+00 1.037382664483390837e-01 8.968594226653786805e+00 9.196559433566375841e-01 9.996221317252272920e-01 -1.074271028423121749e-02 -2.230121492663524746e-02 1.195172596980659946e-02
6.900000000000000355e+00 1.222279369638608337e-01 9.515622704982177993e+00 9.612767769557915010e-01 9.996257994929971247e-01 -1.077285980816753211e-02 -2.226968224936178020e-02 1.167337706288848996e-02
7.000000000000000000e+00 1.541879097895299533e-01 1.007261016088476779e+01 9.958120653528697019e-01 9.996237383765946838e-01 -1.075109095384955971e-02 -2.243238800466321528e-02 1.155784087586113860e-02
7.099999999999999645e+00 1.758370547334890954e-01 1.062301017802090541e+01 1.030178127741618432e+00 9.996257799188330573e-01 -1.075465557619294590e-02 -2.242934242845623025e-02 1.138253501330872310e-02
7.200000000000000178e+00 1.941388339893092285e-01 1.116842996539373090e+01 1.071471198254176693e+00 9.996299194651115938e-01 -1.074197698554405986e-02 -2.236923222872946870e-02 1.114681524534856527e-02
7.299999999999999822e+00 2.167903340892357034e-01 1.171859854171154325e+01 1.114116006091824485e+00 9.996306361474911473e-01 -1.077067187752749761e-02 -2.239171772587925796e-02 1.100885461587649411e-02
7.400000000000000355e+00 2.348876494578033269e-01 1.225661762364205387e+01 1.158164935214232250e+00 9.996327175526856790e-01 -1.079864717449749087e-02 -2.236739477900291651e-02 1.084061198610998013e-02
7.500000000000000000e+00 2.509559189702346149e-01 1.277855382845409693e+01 1.195248036696212157e+00 9.996371397110226376e-01 -1.073726039792638129e-02 -2.233569801400197771e-02 1.055541300660057039e-02
7.599999999999999645e+00 2.661937064180803780e-01 1.329094333469857503e+01 1.231135665293158654e+00 9.996410946656485441e-01 -1.070206661863347744e-02 -2.231884300409952768e-02 1.024777403696481085e-02
7.700000000000000178e+00 2.705238114624327617e-01 1.381693114690008528e+01 1.269552187293682355e+00 9.996462369163321426e-01 -1.063926126914741671e-02 -2.214404689734039353e-02 1.019059986808338453e-02
7.799999999999999822e+00 2.797663152663061314e-01 1.433804759947909346e+01 1.299958555874390242e+00 9.996467267941181456e-01 -1.068891074638755184e-02 -2.205837345036492508e-02 1.027603802958802597e-02
7.900000000000000355e+00 2.998738060839237773e-01 1.480510010461605930e+01 1.329671838408433837e+00 9.996496128132169590e-01 -1.074049370590566405e-02 -2.209794534031267119e-02 9.847548378938551783e-03
8.000000000000000000e+00 3.265092599945932372e-01 1.523408268227578510e+01 1.372794593502123739e+00 9.996538601909306099e-01 -1.079637366777036131e-02 -2.222090840827894986e-02 9.045957688832902480e-03
8.099999999999999645e+00 3.117088940369601158e-01 1.569908175064839284e+01 1.421645169882782556e+00 9.996615953750777051e-01 -1.085511914574610257e-02 -2.187390914836333591e-02 8.966226578412582471e-03
8.199999999999999289e+00 3.283713801586127801e-01 1.613556853603308383e+01 1.461147622554382020e+00 9.996573041984352370e-01 -1.087059849449726473e-02 -2.201114532878409649e-02 9.089209668836140121e-03
8.300000000000000711e+00 3.408723097863294860e-01 1.653126565207933396e+01 1.487661893142008918e+00 9.996529456481423326e-01 -1.089035732431697587e-02 -2.217434626427230299e-02 9.148045807332241472e-03
8.400000000000000355e+00 3.293003392861719725e-01 1.689798166827482717e+01 1.518700776402664765e+00 9.996517822360558858e-01 -1.094038749188716922e-02 -2.211978055472930971e-02 9.345453547855245638e-03
8.500000000000000000e+00 3.066514962353760754e-01 1.720164735951737001e+01 1.535909039714792979e+00 9.996569873150429331e-01 -1.093283830028799961e-02 -2.195558398591190841e-02 9.183305001427421663e-03
8.599999999999999645e+00 3.022953272997436214e-01 1.747434059400260153e+01 1.547522245752612768e+00 9.996551513207820872e-01 -1.090416509240485152e-02 -2.210304286505636664e-02 9.062732345561725494e-03
8.699999999999999289e+00 2.942020813043854655e-01 1.773332647451220012e+01 1.560079794405442533e+00 9.996507283846094438e-01 -1.094636390763245939e-02 -2.222616035187743172e-02 9.197616720340140439e-03
8.800000000000000711e+00 2.763304006343744179e-01 1.795836954373225325e+01 1.570967872883451077e+00 9.996487794278638983e-01 -1.096905824267505741e-02 -2.227933238703609306e-02 9.253588387152233974e-03
8.900000000000000355e+00 2.595069851424623986e-01 1.815531029456582601e+01 1.577670688904446950e+00 9.996478908481173375e-01 -1.093776473461749790e-02 -2.230332445747785358e-02 9.328523123478336954e-03
9.000000000000000000e+00 2.208578618934671778e-01 1.832708637772344318e+01 1.578456024344800035e+00 9.996560660613773575e-01 -1.083513178790841344e-02 -2.197385168933302727e-02 9.354108603427287172e-03
9.099999999999999645e+00 2.064877313990723939e-01 1.846842506237009829e+01 1.575044774348812515e+00 9.996591875412089712e-01 -1.087622729670753227e-02 -2.185482258251466095e-02 9.251117452899058208e-03
9.199999999999999289e+00 2.103458505430056136e-01 1.861248050563855827e+01 1.575498892434789688e+00 9.996577995384104964e-01 -1.087378584677600041e-02 -2.188930956528580690e-02 9.322163382854600083e-03
9.300000000000000711e+00 2.120420480824926068e-01 1.875164007933815924e+01 1.577941164291131182e+00 9.996563857713447465e-01 -1.090121396851055635e-02 -2.189978929729721052e-02 9.416642146706351302e-03
9.400000000000000355e+00 2.150357974775643499e-01 1.887730132619601875e+01 1.581655884086700103e+00 9.996552461470783468e-01 -1.092715454338483855e-02 -2.193837909763479005e-02 9.417731509110597796e-03
9.500000000000000000e+00 2.164542082490867048e-01 1.899507568627226917e+01 1.589170342731772934e+00 9.996549852972763661e-01 -1.093731015364801662e-02 -2.196886205365134251e-02 9.362409784498039803e-03
9.599999999999999645e+00 2.158479735739436689e-01 1.909931557974501004e+01 1.601221061582233318e+00 9.996547491465879176e-01 -1.096253326863186675e-02 -2.198766368067599924e-02 9.313861651966744148e-03
9.699999999999999289e+00 2.199014348510346106e-01 1.919342978042480397e+01 1.604866471912856252e+00 9.996517491576346615e-01 -1.095323865776506866e-02 -2.209226310158430781e-02 9.398876530627349804e-03
9.800000000000000711e+00 2.129672236649247097e-01 1.926228166302824718e+01 1.602127969239044436e+00 9.996522287469842283e-01 -1.096046101769213368e-02 -2.205758816504824193e-02 9.420863007603615460e-03
9.900000000000000355e+00 2.085976772204279905e-01 1.930941042132795715e+01 1.592451082915740113e+00 9.996517641433267931e-01 -1.100546678496399852e-02 -2.205633094733203126e-02 9.420637511398148589e-03
1.000000000000000000e+01 1.833771303415507037e-01 1.933981908187279330e+01 1.582109611824024098e+00 9.996577592971954695e-01 -1.100786402209217099e-02 -2.182368200379465606e-02 9.322988275153733934e-03
1.009999999999999964e+01 1.878194651186816666e-01 1.938581096892700373e+01 1.571438466835017866e+00 9.996531225672914411e-01 -1.102973033810196110e-02 -2.191713312431209024e-02 9.571774430256248939e-03
1.019999999999999929e+01 1.748740661922781603e-01 1.942368596912406886e+01 1.564381672855097438e+00 9.996533365770037260e-01 -1.102898537505885360e-02 -2.185705112006924161e-02 9.686974160963344321e-03
1.030000000000000071e+01 1.718557139613223761e-01 1.944470965449997379e+01 1.562084991007176793e+00 9.996539173164016301e-01 -1.097927525611871319e-02 -2.189970847657712882e-02 9.586651003573637767e-03
1.040000000000000036e+01 1.692059563176812331e-01 1.947614373268671173e+01 1.559622168401641140e+00 9.996538241517113343e-01 -1.087245088014050093e-02 -2.195894003600566691e-02 9.582620894809591033e-03
1.050000000000000000e+01 1.598462752467136871e-01 1.950914659956706032e+01 1.555929598020601157e+00 9.996565240260844032e-01 -1.078121296673165488e-02 -2.189953913654608605e-02 9.539895421826262781e-03
1.059999999999999964e+01 1.569033396975000882e-01 1.954809427750171125e+01 1.551984170261134555e+00 9.996568341741023378e-01 -1.069979588936683518e-02 -2.191371458296486469e-02 9.566471142152723622e-03
1.069999999999999929e+01 1.495077461079814263e-01 1.958005316769844839e+01 1.545549641950271003e+00 9.996587666176367515e-01 -1.063843825957637781e-02 -2.188298378572333877e-02 9.503103521274546689e-03
1.080000000000000071e+01 1.385879320461368691e-01 1.961716937353654089e+01 1.540593108613394158e+00 9.996623559240046530e-01 -1.051719495080230549e-02 -2.179000968034282282e-02 9.474082381212311707e-03
1.090000000000000036e+01 1.347371581178578304e-01 1.966483434340699432e+01 1.532479152940052547e+00 9.996631832055360434e-01 -1.045254344692661194e-02 -2.177775574602634767e-02 9.486507973509262712e-03
1.100000000000000000e+01 1.248766055774326450e-01 1.971386144072948099e+01 1.524630345036015688e+00 9.996655090057415816e-01 -1.043513209402805939e-02 -2.170778853383341367e-02 9.420723934069334671e-03
1.109999999999999964e+01 1.277945097349292569e-01 1.977581785296051109e+01 1.519857442644647394e+00 9.996644994020122965e-01 -1.037367110702909143e-02 -2.178622471440225597e-02 9.414669180644073126e-03
1.119999999999999929e+01 1.245548158415129975e-01 1.984265097635697117e+01 1.513938871095612759e+00 9.996657418771335291e-01 -1.034106336346143906e-02 -2.177801433445629778e-02 9.337291759454916656e-03
1.130000000000000071e+01 1.251043134697196468e-01 1.991891911809534932e+01 1.511406467221053429e+00 9.996655543468675464e-01 -1.031703089172089638e-02 -2.183595033600391547e-02 9.248221389677534210e-03
1.140000000000000036e+01 1.207247375420068963e-01 2.000521777914141452e+01 1.504406828510512772e+00 9.996674946511825421e-01 -1.027610507753307090e-02 -2.180305830008155352e-02 9.161247241863229931e-03
1.150000000000000000e+01 1.169519733948219120e-01 2.009633776853781484e+01 1.493846648936424604e+00 9.996694025260389749e-01 -1.024952015699640354e-02 -2.178004623200653286e-02 9.036734803849710146e-03
1.159999999999999964e+01 1.160425649467473064e-01 2.021387787453600282e+01 1.487146228592821640e+00 9.996683563960027108e-01 -1.025805089136934412e-02 -2.180441015415916783e-02 9.083903910434490761e-03
1.169999999999999929e+01 1.268960569218327838e-01 2.035228260304564429e+01 1.482908883276310652e+00 9.996639051001509069e-01 -1.022387014903322275e-02 -2.195942776092990947e-02 9.237578227245048929e-03
1.180000000000000071e+01 1.254118356656734601e-01 2.047785144157185755e+01 1.479074450576998601e+00 9.996658090422532172e-01 -1.024086316878973849e-02 -2.195885972867644281e-02 9.011294738945421767e-03
1.190000000000000036e+01 1.169782834047269626e-01 2.061817463909674331e+01 1.481354114921973109e+00 9.996702526682866852e-01 -1.018975649927596899e-02 -2.186801648010539001e-02 8.794580594611807467e-03
1.200000000000000000e+01 1.192478899997330699e-01 2.079751400919558790e+01 1.486672873352714142e+00 9.996689207461328941e-01 -1.018728879647045824e-02 -2.187350724487361481e-02 8.934076451854240652e-03
1.209999999999999964e+01 1.229193253737588254e-01 2.097026148678911994e+01 1.491049893439772678e+00 9.996691556245466126e-01 -1.017952736982739165e-02 -2.189118120081009339e-02 8.873144936627830326e-03
1.219999999999999929e+01 1.285181972256135563e-01 2.115744367316338881e+01 1.498402834173313991e+00 9.996672341111757509e-01 -1.022100825124818910e-02 -2.197292587958933618e-02 8.839828229655934122e-03
1.230000000000000071e+01 1.283588984142794431e-01 2.135184479354621345e+01 1.511083471846494053e+00 9.996675225530397002e-01 -1.021311202022530396e-02 -2.198861615167136199e-02 8.777098339692946186e-03
1.240000000000000036e+01 1.361127856893209753e-01 2.155250109309459816e+01 1.520712741204708340e+00 9.996673290260109646e-01 -1.019264344171464873e-02 -2.206214789259050568e-02 8.637298653911171589e-03
1.250000000000000000e+01 1.436535907727106987e-01 2.177822767075823762e+01 1.530359973665478490e+00 9.996659454721588123e-01 -1.015874198085542010e-02 -2.211535645465808123e-02 8.701059332325860110e-03
1.259999999999999964e+01 1.513149866789542108e-01 2.200244032286859408e+01 1.535305206668047262e+00 9.996664512502350108e-01 -1.009387110617592995e-02 -2.215883734305914080e-02 8.607318889003392690e-03
1.269999999999999929e+01 1.516714961999993672e-01 2.224190432874578960e+01 1.541778806944180458e+00 9.996678640370932900e-01 -1.009196325082329163e-02 -2.212606899288961648e-02 8.529417341256959398e-03
1.280000000000000071e+01 1.582967778724012065e-01 2.249092996551593160e+01 1.548419159917023835e+00 9.996692324957664466e-01 -1.004150964086294312e-02 -2.214173000856594839e-02 8.386744164781738398e-03
1.290000000000000036e+01 1.637366586548438252e-01 2.275501909902014575e+01 1.558635137284877459e+00 9.996708172506443280e-01 -1.001279054874390853e-02 -2.213021866476115596e-02 8.261633295287793347e-03
1.300000000000000000e+01 1.700096578616969722e-01 2.303609234424277474e+01 1.570104225090853456e+00 9.996709435016285505e-01 -1.004995747506651216e-02 -2.212270267621825603e-02 8.221259004119149325e-03
1.309999999999999964e+01 1.817970584430985692e-01 2.332811076776462400e+01 1.584701299468417979e+00 9.996715773573457975e-01 -1.006153563108371993e-02 -2.217344882885756430e-02 7.990062055748281891e-03
1.319999999999999929e+01 1.990103218365406046e-01 2.364968153261936123e+01 1.607339628310705759e+00 9.996697758272554690e-01 -1.005743385589352723e-02 -2.229892324610188714e-02 7.870536435554494406e-03
1.330000000000000071e+01 2.143891434209412306e-01 2.399313554762049350e+01 1.628785782763251699e+00 9.996693503668251379e-01 -1.001930808258769817e-02 -2.237388865497098520e-02 7.759671975720532251e-03
1.340000000000000036e+01 2.300977748051907523e-01 2.434407321753107922e+01 1.651724930341531783e+00 9.996695263039937496e-01 -1.005347906099362740e-02 -2.244101561405898240e-02 7.494435010630589970e-03
1.350000000000000000e+01 2.384592734799447222e-01 2.471102811402638011e+01 1.671035236237819355e+00 9.996718497446778207e-01 -1.008009794777055962e-02 -2.240087976219767851e-02 7.265331327425954278e-03
1.359999999999999964e+01 2.559745496201397130e-01 2.510857410910602638e+01 1.697996996154172322e+00 9.996701996402306278e-01 -1.009425740401709640e-02 -2.246684061855974690e-02 7.269043358170486531e-03
1.369999999999999929e+01 2.687509526164666984e-01 2.550515678449386670e+01 1.726238737130350920e+00 9.996720656619622059e-01 -1.006566620811796126e-02 -2.245705783964685801e-02 7.079834187246922955e-03
1.380000000000000071e+01 2.791258331532820991e-01 2.592638714777690723e+01 1.753705561555589654e+00 9.996733187632704798e-01 -1.008278423847761354e-02 -2.242165913533154462e-02 6.990165695322562989e-03
1.390000000000000036e+01 2.907968642930418568e-01 2.636098429645454644e+01 1.785561714422581270e+00 9.996749563791159643e-01 -1.010580853962108824e-02 -2.238374359163560964e-02 6.842678203531037118e-03
1.400000000000000000e+01 3.128691270903644073e-01 2.681425872297913315e+01 1.826439454629195991e+00 9.996753781976750464e-01 -1.000712742799384283e-02 -2.244980475150566354e-02 6.708344996670921774e-03
1.409999999999999964e+01 3.320548628713316242e-01 2.725330671188785914e+01 1.867847253577177735e+00 9.996771491907202600e-01 -1.000874408957372341e-02 -2.247352847748706681e-02 6.353183881760687997e-03
1.419999999999999929e+01 3.387808259683418033e-01 2.770116633702757980e+01 1.908095775519645043e+00 9.996805199019257460e-01 -1.002490542177641997e-02 -2.232500404471324251e-02 6.320885563226142853e-03
1.430000000000000071e+01 3.522010559357188764e-01 2.812378628125301461e+01 1.945928236446563098e+00 9.996822628976042013e-01 -1.012277288984219856e-02 -2.223640233230979660e-02 6.200413555714487553e-03
1.440000000000000036e+01 3.715788084014088333e-01 2.852795499306161986e+01 2.000943645522467840e+00 9.996829025069804420e-01 -1.007706804571151596e-02 -2.223442084481841788e-02 6.178807693776673833e-03
1.450000000000000000e+01 3.860151132584964673e-01 2.889041028083624241e+01 2.035304667909621390e+00 9.996836288086601296e-01 -1.007295996776559968e-02 -2.223671393795396620e-02 6.058574310710225508e-03
1.459999999999999964e+01 3.879538742478373381e-01 2.923242815237564685e+01 2.056785340294749354e+00 9.996842838693265065e-01 -1.005391646368151287e-02 -2.219896161771471241e-02 6.120249301145702474e-03
1.469999999999999929e+01 3.855930414928263605e-01 2.952343577907158334e+01 2.080459393703239623e+00 9.996853675657831895e-01 -1.004800181716396235e-02 -2.219436151130514331e-02 5.967734197545521320e-03
1.480000000000000071e+01 3.837096515472907532e-01 2.978134109184149025e+01 2.103217905365670770e+00 9.996840896659840991e-01 -1.008663204349702011e-02 -2.226483232754731395e-02 5.853030338038175094e-03
1.490000000000000036e+01 3.812010407977667881e-01 3.000145229323163676e+01 2.121221106480533969e+00 9.996823415403156554e-01 -1.008029433695512359e-02 -2.237909661338965614e-02 5.725357047420720491e-03
1.500000000000000000e+01 3.726224384549196023e-01 3.021262328776014172e+01 2.134635761454092506e+00 9.996808095346296774e-01 -1.003131867491493037e-02 -2.244642571212745671e-02 5.814608033192806766e-03
1.509999999999999964e+01 3.522283104870180814e-01 3.039644819365737760e+01 2.142949745804706652e+00 9.996844460398922605e-01 -1.002843794585577333e-02 -2.226251927026104763e-02 5.900763850658677888e-03
1.519999999999999929e+01 3.435343111307872510e-01 3.055216320089666837e+01 2.151552091330861227e+00 9.996859879476152067e-01 -1.001586197043029952e-02 -2.220819413531388217e-02 5.865502829086288207e-03
1.530000000000000071e+01 3.300230218370237001e-01 3.070113693285706802e+01 2.163286423553161697e+00 9.996885585391594997e-01 -9.973842899727951988e-03 -2.211305311606328455e-02 5.858435422134942831e-03
1.540000000000000036e+01 3.239708083845693198e-01 3.084257208362183889e+01 2.172787417667692900e+00 9.996873681056828165e-01 -9.975752285119866142e-03 -2.215517026754168853e-02 5.899054728963628105e-03
1.550000000000000000e+01 3.093607367365046601e-01 3.097051470341135726e+01 2.182714917955062450e+00 9.996872540083310277e-01 -9.948872171023599026e-03 -2.218008749294078652e-02 5.870079608736371475e-03
1.559999999999999964e+01 2.850504305662406868e-01 3.110069673891306508e+01 2.193234372210394412e+00 9.996881748727973749e-01 -9.992558855105752175e-03 -2.211044832430980253e-02 5.901682973563310806e-03
1.569999999999999929e+01 2.723023929399158161e-01 3.122730051232734283e+01 2.200420101356734381e+00 9.996836487269705751e-01 -1.004989201427856568e-02 -2.228147844185101104e-02 5.927719365610455669e-03
1.580000000000000071e+01 2.392797440630646810e-01 3.135279804160755646e+01 2.208227732776466112e+00 9.996825613096944618e-01 -1.010059703990828783e-02 -2.229560177570096349e-02 5.971657574401046699e-03
1.590000000000000036e+01 1.919656479703188701e-01 3.147587410609768455e+01 2.213765894428231462e+00 9.996835763333198344e-01 -1.012234498224140467e-02 -2.222866258527635835e-02 6.014308036168332545e-03
1.600000000000000000e+01 1.633637609834871773e-01 3.159250825063411838e+01 2.210969529600292471e+00 9.996798345610123926e-01 -1.008942391713863254e-02 -2.241574244386418391e-02 5.997198327354698495e-03
1.610000000000000142e+01 1.165015601906640302e-01 3.170992953421675509e+01 2.211196197002957220e+00 9.996809671322788304e-01 -1.005563519183663365e-02 -2.236820072008568333e-02 6.042495420460112197e-03
1.619999999999999929e+01 6.527582114738639252e-02 3.182940856711903876e+01 2.212270440153966788e+00 9.996817342824094732e-01 -1.007193290001331953e-02 -2.229732018526708187e-02 6.149457075798328218e-03
1.630000000000000071e+01 2.539577352025904761e-02 3.193901016313539643e+01 2.219262783794094140e+00 9.996797261782593980e-01 -1.011589683391413141e-02 -2.237751506875507168e-02 6.112325151167758916e-03
1.639999999999999858e+01 -2.508443726496536325e-02 3.205329930828124674e+01 2.227396332668805989e+00 9.996788298136025652e-01 -1.017854741995090351e-02 -2.240250116091290281e-02 6.063195251766646116e-03
1.650000000000000000e+01 -7.553434250742228906e-02 3.216484603213358895e+01 2.235704869150693330e+00 9.996769915585465016e-01 -1.017383621500893981e-02 -2.250189549211628615e-02 6.005855841243049227e-03
1.660000000000000142e+01 -1.324743251324754234e-01 3.227090087383382411e+01 2.253982989873854148e+00 9.996747561689227624e-01 -1.017080032640500439e-02 -2.261546114533229124e-02 5.956308966900115097e-03
1.669999999999999929e+01 -1.915685384674220559e-01 3.236825852606058618e+01 2.259645171359469629e+00 9.996763886786229625e-01 -1.017123336382213042e-02 -2.254147874152306538e-02 5.962018657385964593e-03
1.680000000000000071e+01 -2.327738002322120581e-01 3.244080011899473703e+01 2.263607559556625848e+00 9.996766375008038219e-01 -1.014127671638470618e-02 -2.255124600098893858e-02 5.934327716850121455e-03
1.689999999999999858e+01 -2.787105961255172404e-01 3.249709372109529681e+01 2.263005455572725033e+00 9.996799924968409190e-01 -1.010034533742531701e-02 -2.241565859072560882e-02 5.952636014828395321e-03
1.700000000000000000e+01 -3.020623651318091185e-01 3.253093166829412297e+01 2.258478392942252277e+00 9.996800125129872150e-01 -1.012982794363496281e-02 -2.240789392809426975e-02 5.928360445617171341e-03
1.710000000000000142e+01 -3.199758015360525953e-01 3.255966497736812926e+01 2.251281428602740498e+00 9.996824563459760782e-01 -1.010659986795448342e-02 -2.229767411646154870e-02 5.971335041711217304e-03
1.719999999999999929e+01 -3.350707799250520758e-01 3.257678991537353852e+01 2.253871626953975138e+00 9.996856723336873252e-01 -1.012615834962641778e-02 -2.215298294154910072e-02 5.938248446573262014e-03
1.730000000000000071e+01 -3.546899840060558362e-01 3.258919521628413918e+01 2.258351932441193366e+00 9.996878083709902496e-01 -1.024803471312268205e-02 -2.202043627547773177e-02 5.862078570172245089e-03
1.739999999999999858e+01 -3.983914642475214207e-01 3.260512595637922573e+01 2.257041808441618169e+00 9.996903318133740779e-01 -1.030109118350821043e-02 -2.188474876962099441e-02 5.846859891050862693e-03
1.750000000000000000e+01 -4.529061319502868943e-01 3.261781207459395659e+01 2.267643479831533249e+00 9.996857624016602939e-01 -1.061830612620156752e-02 -2.194398074223644773e-02 5.838641589078893621e-03
1.760000000000000142e+01 -5.159619695397981154e-01 3.262844654935877742e+01 2.272455269611403761e+00 9.996767806428396019e-01 -1.084506650882257825e-02 -2.225231844822146351e-02 5.792503747593906113e-03
1.769999999999999929e+01 -6.162806027512596208e-01 3.263666362306496183e+01 2.273760893690085272e+00 9.996731881786439233e-01 -1.105673954252370597e-02 -2.231995691447442864e-02 5.751944955434178976e-03
1.780000000000000071e+01 -7.211099639738015599e-01 3.263454713366260052e+01 2.276888632961627135e+00 9.996647974950073623e-01 -1.125994023347460377e-02 -2.262900932752146335e-02 5.606632862911828212e-03
1.789999999999999858e+01 -8.459732197720073454e-01 3.266289282458873799e+01 2.279538308338499686e+00 9.996546133495637365e-01 -1.131202607968029294e-02 -2.299831513224559823e-02 5.811159607576566084e-03
1.800000000000000000e+01 -9.773277927636153661e-01 3.269179585356381779e+01 2.283643874992762335e+00 9.996477475487228759e-01 -1.118192636502276724e-02 -2.329871243876992584e-02 6.042792585181915033e-03
1.810000000000000142e+01 -1.090616168044497014e+00 3.269472433677855605e+01 2.275484872953699611e+00 9.996440398724255605e-01 -1.117566299799343035e-02 -2.348028154263847797e-02 5.964434824028512321e-03
1.819999999999999929e+01 -1.205540253858503830e+00 3.271017140851774485e+01 2.272800038670012679e+00 9.996493977394202979e-01 -1.097362464082893979e-02 -2.332618287409761806e-02 6.045688875603150332e-03
1.830000000000000071e+01 -1.284496198707050674e+00 3.271875769366828024e+01 2.270295797355194711e+00 9.996515917042995136e-01 -1.074004235143368249e-02 -2.334335259782016614e-02 6.036106596467251742e-03
1.839999999999999858e+01 -1.352509492456125395e+00 3.272774250526293116e+01 2.264214056394782570e+00 9.996543845693968144e-01 -1.054358613562901906e-02 -2.330667303381656064e-02 6.061616506821717980e-03
1.850000000000000000e+01 -1.396267241916135937e+00 3.273671357506307800e+01 2.263704286440544777e+00 9.996540784855119099e-01 -1.041765764727710375e-02 -2.337786276842174910e-02 6.055684008195112537e-03
1.860000000000000142e+01 -1.439755236317077580e+00 3.275458665927044422e+01 2.259611604315986622e+00 9.996588806544114414e-01 -1.013932785737334252e-02 -2.327368488900358537e-02 6.136118566126096824e-03
1.869999999999999929e+01 -1.459820643198037837e+00 3.276165176473416096e+01 2.258762948800811188e+00 9.996631472176281674e-01 -9.918925962209876324e-03 -2.320787470900224220e-02 6.049921833718424798e-03
1.880000000000000071e+01 -1.464664882676879554e+00 3.277489037867945143e+01 2.259239109919905619e+00 9.996654033594855049e-01 -9.717566113395793154e-03 -2.320552888736840055e-02 6.012791698250276144e-03
1.889999999999999858e+01 -1.458823173909789883e+00 3.279572608990375215e+01 2.255404966991496174e+00 9.996681914385764367e-01 -9.480953240039557972e-03 -2.317540284743360365e-02 6.043116285910034649e-03
1.900000000000000000e+01 -1.431359562391153473e+00 3.281666856559490242e+01 2.257152476136948582e+00 9.996708026357403742e-01 -9.202854954703736101e-03 -2.317566794014449746e-02 6.040052468745162224e-03
1.910000000000000142e+01 -1.392457451844910876e+00 3.282846257402842838e+01 2.259214593636118096e+00 9.996739864136265918e-01 -9.082301066678451912e-03 -2.311505976094906448e-02 5.926778844381211386e-03
1.919999999999999929e+01 -1.344360036404650627e+00 3.284909458420500528e+01 2.260906401225097451e+00 9.996788803528752210e-01 -8.825217188669836482e-03 -2.300812841876771070e-02 5.905738282405856299e-03
1.930000000000000071e+01 -1.269861137031067955e+00 3.286691225564899099e+01 2.265542479989025360e+00 9.996786746938957080e-01 -8.678303143080209198e-03 -2.307598914712002611e-02 5.893482985066177300e-03
1.939999999999999858e+01 -1.191321069906014385e+00 3.288224245868887152e+01 2.266998915866158981e+00 9.996801077510086841e-01 -8.523394786177130450e-03 -2.307814672739293832e-02 5.867968292296519769e-03
1.950000000000000000e+01 -1.103153434381405118e+00 3.289638519903630254e+01 2.261417050447198207e+00 9.996821112979078494e-01 -8.403007579653423015e-03 -2.304183313115268361e-02 5.842922259442532955e-03
1.960000000000000142e+01 -1.010870985815882417e+00 3.291410365775444546e+01 2.252868214186797946e+00 9.996861825163332327e-01 -8.195232697071903882e-03 -2.293628135533077456e-02 5.856760585020152031e-03
1.969999999999999929e+01 -8.977526799421999826e-01 3.293088876966073997e+01 2.248694695221832074e+00 9.996881310118301833e-01 -8.042200444483799809e-03 -2.291166185071862385e-02 5.832621822390052398e-03
1.980000000000000071e+01 -7.758306958612066762e-01 3.294011791627913510e+01 2.243789046777340701e+00 9.996910875028779397e-01 -7.855960622153480150e-03 -2.287471388451055992e-02 5.723715115064804786e-03
1.989999999999999858e+01 -6.465088721667616722e-01 3.295748717417387041e+01 2.235715803542546620e+00 9.996943142872483090e-01 -7.713803437849071215e-03 -2.278470534260482877e-02 5.712479384757553416e-03
2.000000000000000000e+01 -5.000327198488797587e-01 3.297067952967354643e+01 2.232170876628640777e+00 9.996948006398059805e-01 -7.601759154599985191e-03 -2.281428522772642117e-02 5.659259760933578118e-03
2.010000000000000142e+01 -3.498273251784249638e-01 3.299620200743000709e+01 2.218672117140346955e+00 9.996961470691140272e-01 -7.475022120182157198e-03 -2.277169701273741576e-02 5.760850165644692059e-03
2.019999999999999929e+01 -1.993981111769249359e-01 3.302162903389682924e+01 2.210853465123189032e+00 9.997008617570461997e-01 -7.353941501693366661e-03 -2.257648188521135801e-02 5.865919560931054898e-03
2.030000000000000071e+01 -2.663734644871948096e-02 3.302902472127583877e+01 2.199990045369718317e+00 9.997039803620846321e-01 -7.234203169360776953e-03 -2.251609724132767193e-02 5.713433094762904521e-03
2.039999999999999858e+01 1.583623062454628527e-01 3.304791242005801877e+01 2.198297788917625173e+00 9.997051275307095031e-01 -7.198831560487534142e-03 -2.247304573526611934e-02 5.726868983347217432e-03
2.050000000000000000e+01 3.458288980591754935e-01 3.306369780566074468e+01 2.192363820603816293e+00 9.997079543014160130e-01 -7.101490530397491785e-03 -2.239361750780576379e-02 5.665759758307581037e-03
2.060000000000000142e+01 5.402264508817853361e-01 3.308074705036055008e+01 2.184589778477463273e+00 9.997101137161975570e-01 -7.019882089661654695e-03 -2.232195567982591528e-02 5.669222488342138232e-03
2.069999999999999929e+01 7.406535227955891587e-01 3.309135680167413085e+01 2.172860788005576804e+00 9.997139780902718487e-01 -6.886944377792941774e-03 -2.221150608785127378e-02 5.583995466511006492e-03
2.080000000000000071e+01 9.518202975937635202e-01 3.310206318967446748e+01 2.160146417627795579e+00 9.997164304007317703e-01 -6.771734315397678200e-03 -2.215101402793429389e-02 5.525846425168732742e-03
2.089999999999999858e+01 1.161394754393515694e+00 3.311561146425003699e+01 2.150255630527581729e+00 9.997220861919750012e-01 -6.636262269047919771e-03 -2.194512256550792614e-02 5.488351177405688917e-03
2.100000000000000000e+01 1.399444717422889672e+00 3.312955899757661626e+01 2.140386394048001240e+00 9.997213526078583268e-01 -6.618286910553897173e-03 -2.198843347148769084e-02 5.470302711345024355e-03
2.110000000000000142e+01 1.637148788603463245e+00 3.314707221070301557e+01 2.129622741408732978e+00 9.997235953452621171e-01 -6.465201986656864130e-03 -2.193284567004740240e-02 5.466658396891998541e-03
2.119999999999999929e+01 1.882425727193058673e+00 3.315124205366823418e+01 2.112835143438569485e+00 9.997256661508818754e-01 -6.404539807386221140e-03 -2.189267327155652518e-02 5.318380021782641819e-03
2.130000000000000071e+01 2.123585276690892254e+00 3.316911221461628401e+01 2.095748410641405268e+00 9.997294981828414029e-01 -6.328581563993431608e-03 -2.173876314325615122e-02 5.320309715927931150e-03
2.139999999999999858e+01 2.384587813642172538e+00 3.318102513464913272e+01 2.080350888566446343e+00 9.997307763990207485e-01 -6.205533747242215209e-03 -2.172804927244366066e-02 5.268581055403488700e-03
2.150000000000000000e+01 2.649663742028649072e+00 3.319168675081825626e+01 2.064323334911774221e+00 9.997327291916000558e-01 -6.179836318740861145e-03 -2.167189403169054313e-02 5.158373316042882788e-03
2.160000000000000142e+01 2.915391828413565367e+00 3.320608245411732184e+01 2.049506507893828822e+00 9.997368887797389858e-01 -6.016686736456638984e-03 -2.154074029334784174e-02 5.094035859462163127e-03
2.169999999999999929e+01 3.184817923526307659e+00 3.322639502165868919e+01 2.028922177807362281e+00 9.997403670386147967e-01 -5.949896317217127223e-03 -2.139199646221432924e-02 5.116613594042414975e-03
2.180000000000000071e+01 3.467939137963742091e+00 3.324904151276430753e+01 2.009766166438807122e+00 9.997419318891003215e-01 -5.879342640814678306e-03 -2.132785892192750818e-02 5.159979318550735571e-03
2.189999999999999858e+01 3.760300729268794662e+00 3.325086602003793246e+01 1.993560878164114536e+00 9.997440518909810336e-01 -5.818564815753112657e-03 -2.129092567173236292e-02 4.967040983204119506e-03
2.200000000000000000e+01 4.046930353532206759e+00 3.324474179167705046e+01 1.977238158284031044e+00 9.997480941428223966e-01 -5.832493821775797810e-03 -2.116668464630417149e-02 4.658512069027150385e-03
2.210000000000000142e+01 4.348679098442936208e+00 3.326424312813745132e+01 1.972777842753338895e+00 9.997488475994337209e-01 -5.736921560656697144e-03 -2.115162081335084099e-02 4.683843675816757625e-03
2.219999999999999929e+01 4.638905362732817395e+00 3.328376845364298475e+01 1.955377434204823794e+00 9.997524579201085837e-01 -5.754543160864371287e-03 -2.096559016633073314e-02 4.727805483396375734e-03
2.230000000000000071e+01 4.945682718744761175e+00 3.331439612103343961e+01 1.938946107964572896e+00 9.997535821799088396e-01 -5.638250812471653356e-03 -2.089381071230979672e-02 4.943047656478138235e-03
2.239999999999999858e+01 5.239875035633104972e+00 3.331501528393258127e+01 1.925299825609753990e+00 9.997601387680830065e-01 -5.626057866086921211e-03 -2.062930442390269181e-02 4.737531244938855343e-03
2.250000000000000000e+01 5.536965021236096796e+00 3.334864326133265422e+01 1.913416407896187943e+00 9.997647918656938915e-01 -5.551534586923711351e-03 -2.037511540339144098e-02 4.939238987390503870e-03
2.260000000000000142e+01 5.855886444931877932e+00 3.334928058979827625e+01 1.900423420871894864e+00 9.997673352902982646e-01 -5.450536622355943439e-03 -2.033806011110925530e-02 4.682974266596712058e-03
2.269999999999999929e+01 6.172220422009059959e+00 3.335856978984902810e+01 1.869647232685468285e+00 9.997704405391293347e-01 -5.338234815431545932e-03 -2.023002825095441756e-02 4.616863677460766001e-03
2.280000000000000071e+01 6.488737300692934973e+00 3.337274104296906785e+01 1.846950874073212567e+00 9.997741635047481257e-01 -5.309775616169059437e-03 -2.004478845786090285e-02 4.651314541784604302e-03
2.289999999999999858e+01 6.795004419206842172e+00 3.338900075126154832e+01 1.829144793927737211e+00 9.997798593333946382e-01 -5.336002816852876418e-03 -1.974124728836017251e-02 4.695008065594867726e-03
2.300000000000000000e+01 7.128178306113598595e+00 3.340478652318822839e+01 1.810890980288800023e+00 9.997806521855926443e-01 -5.266011270366258157e-03 -1.971596926388475418e-02 4.711390096053680830e-03
2.310000000000000142e+01 7.455781987725283777e+00 3.341567681743731555e+01 1.790342161654862041e+00 9.997833384415096836e-01 -5.240458121157580418e-03 -1.958877328624103811e-02 4.700397277933051829e-03
2.319999999999999929e+01 7.778114829756351156e+00 3.344130982274470654e+01 1.769781989286330237e+00 9.997880667287174505e-01 -5.199770377503562524e-03 -1.933154416078277857e-02 4.803687670403704833e-03
2.330000000000000071e+01 8.120271089518741547e+00 3.345119452054888853e+01 1.756960347690743607e+00 9.997893735675154048e-01 -5.190526715616258085e-03 -1.927801275226764810e-02 4.756591028561647956e-03
2.339999999999999858e+01 8.457075919622582205e+00 3.347377816559475860e+01 1.735256783648412959e+00 9.997918805420916710e-01 -5.153859081393145913e-03 -1.913870307178967139e-02 4.831499084835432466e-03
2.350000000000000000e+01 8.790731851600391167e+00 3.347849044426686049e+01 1.714091908668242237e+00 9.997953310533549409e-01 -5.197139520575079497e-03 -1.898160371945504035e-02 4.688759425857215619e-03
2.360000000000000142e+01 9.117190275925299403e+00 3.349696236462104082e+01 1.693081697207612146e+00 9.998004894973763212e-01 -5.166068512665208251e-03 -1.869933387291161653e-02 4.756873935560436417e-03
2.369999999999999929e+01 9.445288845146910361e+00 3.350058250528253723e+01 1.679166735827874124e+00 9.998056118789133695e-01 -5.204997698602314288e-03 -1.841631917307529412e-02 4.741902835848746216e-03
2.380000000000000071e+01 9.789583283202443198e+00 3.347820681804194720e+01 1.656580599003557364e+00 9.998058965814938803e-01 -5.222222816894283443e-03 -1.843514832499049821e-02 4.587249280506734868e-03
2.389999999999999858e+01 1.012300334215322195e+01 3.346395600725729480e+01 1.643357241870052832e+00 9.998083792284379046e-01 -5.227025877278728555e-03 -1.829532007944294561e-02 4.600466093029261481e-03
2.400000000000000000e+01 1.043421978558531471e+01 3.344770544273740143e+01 1.637600445481949052e+00 9.998175913861794273e-01 -5.284581694280535841e-03 -1.776800425161396621e-02 4.599475618995835929e-03
2.410000000000000142e+01 1.074155940320355818e+01 3.342850100215925124e+01 1.654462618366535853e+00 9.998218370716003278e-01 -5.296564034460327086e-03 -1.755220826684328328e-02 4.490045562883239819e-03
2.419999999999999929e+01 1.101549865400354200e+01 3.342970436845131843e+01 1.656371550721479347e+00 9.998197713628885763e-01 -5.340974967106740245e-03 -1.760545984362565930e-02 4.684715781835964779e-03
2.430000000000000071e+01 1.128091430507194026e+01 3.342263473963842557e+01 1.647919732891338418e+00 9.998137413671969176e-01 -5.427587399925389022e-03 -1.789002697839475048e-02 4.792786564872939491e-03
2.439999999999999858e+01 1.153408678113285113e+01 3.340809058792736863e+01 1.617653894927986391e+00 9.998095555391318667e-01 -5.482432531248027097e-03 -1.810311609856230311e-02 4.803412714499827318e-03
2.450000000000000000e+01 1.176412443368678673e+01 3.339071792364848079e+01 1.587477960909063901e+00 9.998084398147847329e-01 -5.493586964495124347e-03 -1.816969592600921682e-02 4.771407270994276577e-03
2.460000000000000142e+01 1.198365436460098188e+01 3.337688627034203392e+01 1.557206185377260299e+00 9.998085214029612811e-01 -5.444994634450171095e-03 -1.817347134030646363e-02 4.795571175376559837e-03
2.469999999999999929e+01 1.219698988374863724e+01 3.335795793040733059e+01 1.527747838067031738e+00 9.998106660953505198e-01 -5.373628942924316837e-03 -1.809415899578908915e-02 4.728370141029785909e-03
2.480000000000000071e+01 1.240719862046348609e+01 3.335573718572573654e+01 1.504140729315856184e+00 9.998136024037923564e-01 -5.349857138269804857e-03 -1.791844104512270441e-02 4.803014414315454755e-03
2.489999999999999858e+01 1.259011410447959101e+01 3.335039588967696034e+01 1.494443173210231679e+00 9.998199168221559852e-01 -5.571930457561428962e-03 -1.747748342137876373e-02 4.860564778763499377e-03
2.500000000000000000e+01 1.277913961909148632e+01 3.333287986965481764e+01 1.492730972224681096e+00 9.998169016283211530e-01 -5.681570935150322132e-03 -1.763607253492548849e-02 4.780367725978545285e-03
2.510000000000000142e+01 1.292716064521552788e+01 3.332129766080633004e+01 1.479275574941388838e+00 9.998154747142410370e-01 -5.910844732806543045e-03 -1.765132892437860576e-02 4.744367574791385697e-03
2.519999999999999929e+01 1.305946500563675272e+01 3.331264727143226878e+01 1.467114628337526927e+00 9.998110580358484656e-01 -6.238963977905770397e-03 -1.778848033484822441e-02 4.742733926381909396e-03
2.530000000000000071e+01 1.316584605905605443e+01 3.330563178737228469e+01 1.466468473955228724e+00 9.998050123601837091e-01 -6.525211126405909556e-03 -1.800807024012959778e-02 4.802945495760305508e-03
2.539999999999999858e+01 1.324747047104909825e+01 3.328087152674305571e+01 1.454198939826991221e+00 9.997992449894195222e-01 -6.785528716249517034e-03 -1.827202421394717724e-02 4.643215454030046214e-03
2.550000000000000000e+01 1.330649437406102820e+01 3.327561726531488517e+01 1.438347895560627254e+00 9.997939642647520886e-01 -6.848475087214200840e-03 -1.850614671298332278e-02 4.759195582150824860e-03
2.560000000000000142e+01 1.333979385119654282e+01 3.326862005236334596e+01 1.427270482782231342e+00 9.997917131498212928e-01 -6.991691026725511959e-03 -1.855782218365426700e-02 4.822220373656887007e-03
2.569999999999999929e+01 1.337054661056092186e+01 3.325936711356507658e+01 1.415427079816169442e+00 9.997881060126788677e-01 -7.121374375152322161e-03 -1.869431717470109930e-02 4.852999892931815495e-03
2.580000000000000071e+01 1.338553021120055142e+01 3.324768243407182666e+01 1.403924879213821475e+00 9.997866080245182419e-01 -7.157760838356341804e-03 -1.876802625093012752e-02 4.823490982016973537e-03
2.589999999999999858e+01 1.340301840253988352e+01 3.324156073782708631e+01 1.395895861112927072e+00 9.997838759613081328e-01 -7.172499253310107847e-03 -1.890963393305679016e-02 4.814807032767640972e-03
2.600000000000000000e+01 1.341879244743094901e+01 3.323625084598673141e+01 1.387625088358224623e+00 9.997829722778565076e-01 -7.058965148704261089e-03 -1.899178998305674215e-02 4.846779087586311312e-03
2.610000000000000142e+01 1.344870195396098822e+01 3.322602739605292044e+01 1.378695887782125373e+00 9.997810050247643021e-01 -6.965812171179645157e-03 -1.914198810802125034e-02 4.796221819347698014e-03
2.619999999999999929e+01 1.347419121786305851e+01 3.321959174637442658e+01 1.372994557910057978e+00 9.997819015283927468e-01 -6.909483763322222388e-03 -1.910975221480614578e-02 4.819313300075269736e-03
2.630000000000000071e+01 1.352202734440604104e+01 3.321357256873289998e+01 1.359491518572101043e+00 9.997817394714286765e-01 -6.932771130730416842e-03 -1.910413598383696107e-02 4.841703444451422866e-03
2.639999999999999858e+01 1.357892522229276722e+01 3.320186881467998319e+01 1.346509245309662539e+00 9.997836332889635802e-01 -6.843099849646459149e-03 -1.904119234635595626e-02 4.826135720823989533e-03
2.650000000000000000e+01 1.364690567844853142e+01 3.319990456544391577e+01 1.332932015350269728e+00 9.997848483321618573e-01 -6.826769030551255862e-03 -1.895402219853487696e-02 4.939363576086399504e-03
2.660000000000000142e+01 1.372830291840883277e+01 3.316088731345141127e+01 1.334164346445878779e+00 9.997889658328499296e-01 -6.748660961593880986e-03 -1.884961940315460147e-02 4.601219671132696434e-03
2.669999999999999929e+01 1.382630217112015281e+01 3.316257054531458692e+01 1.336055286459501001e+00 9.997894912297554670e-01 -6.693977923037917194e-03 -1.881316932686092486e-02 4.714715897239118471e-03
2.680000000000000071e+01 1.394664686943373688e+01 3.315525482660214607e+01 1.329529418766278503e+00 9.997873212837341539e-01 -6.729295704608700968e-03 -1.891795495220711942e-02 4.705290643714729951e-03
2.689999999999999858e+01 1.406825692443469578e+01 3.316685220640719933e+01 1.322126354656404601e+00 9.997869938243869603e-01 -6.615796305050505866e-03 -1.890590251356875570e-02 4.976451445839492720e-03
2.700000000000000000e+01 1.418725261332627774e+01 3.316279923757247161e+01 1.324009119279912383e+00 9.997910562148041302e-01 -6.601546672597706500e-03 -1.867039701762120141e-02 5.067521052753365222e-03
2.710000000000000142e+01 1.431189884280035862e+01 3.313557197329685522e+01 1.321884664755087702e+00 9.997983280684035190e-01 -6.620207719430105248e-03 -1.833707883875290712e-02 4.819500081760861102e-03
