0.899120211601257324 -0.115289233624935150 -0.422245413064956665 -0.124763317406177521 -11.253150939941406250 -0.050137944519519806 -0.985465645790100098 -0.891832470893859863 0.162307366728782654 -50.647762298583984375 -0.434820622205734253 -12.135462760925292969
0.899111211299896240 -0.115153260529041290 -0.422301799058914185 -0.125031724572181702 -11.253963470458984375 -0.049889303743839264 -0.985447525978088379 -0.891771793365478516 0.162493884563446045 -50.652526855468750000 -0.434867948293685913 -12.136546134948730469
0.899123668670654297 -0.114974364638328552 -0.422323971986770630 -0.125031709671020508 -11.255971908569335938 -0.049727421253919601 -0.985468387603759766 -0.891775369644165039 0.162416800856590271 -50.648540496826171875 -0.434860676527023315 -12.137335777282714844
0.899099588394165039 -0.114864803850650787 -0.422405004501342773 -0.124992236495018005 -11.262327194213867188 -0.049633495509624481 -0.985486209392547607 -0.891751348972320557 0.162337601184844971 -50.643768310546875000 -0.434921175241470337 -12.148142814636230469
0.899064302444458008 -0.114816881716251373 -0.422493129968643188 -0.124863684177398682 -11.271003723144531250 -0.049632038921117783 -0.985508084297180176 -0.891733705997467041 0.162205159664154053 -50.632808685302734375 -0.434994280338287354 -12.163956642150878906
0.899046540260314941 -0.114891342818737030 -0.422510683536529541 -0.124891854822635651 -11.276712417602539062 -0.049682151526212692 -0.985495805740356445 -0.891714632511138916 0.162264227867126465 -50.599758148193359375 -0.435025274753570557 -12.170170783996582031
0.898998200893402100 -0.115106090903282166 -0.422555118799209595 -0.125220060348510742 -11.273380279541015625 -0.049718737602233887 -0.985429108142852783 -0.891621947288513184 0.162657693028450012 -50.549236297607421875 -0.435120999813079834 -12.165707588195800781
0.898954153060913086 -0.115377105772495270 -0.422574907541275024 -0.125534638762474060 -11.263634681701660156 -0.049815360456705093 -0.985357403755187988 -0.891538679599761963 0.163062110543251038 -50.468734741210937500 -0.435200959444046021 -12.148777008056640625
0.898884773254394531 -0.115780316293239594 -0.422612160444259644 -0.126038238406181335 -11.248551368713378906 -0.049941830337047577 -0.985245823860168457 -0.891404747962951660 0.163696467876434326 -50.368316650390625000 -0.435329675674438477 -12.126313209533691406
0.898868024349212646 -0.116123542189598083 -0.422553718090057373 -0.126699402928352356 -11.232407569885253906 -0.049963057041168213 -0.985120594501495361 -0.891295254230499268 0.164441809058189392 -50.250114440917968750 -0.435361951589584351 -12.099551200866699219
0.898827016353607178 -0.116490051150321960 -0.422540038824081421 -0.127235904335975647 -11.212568283081054688 -0.050051618367433548 -0.985008180141448975 -0.891182422637939453 0.165087074041366577 -50.109390258789062500 -0.435436397790908813 -12.072027206420898438
0.898782670497894287 -0.116908006370067596 -0.422518879175186157 -0.127959728240966797 -11.188479423522949219 -0.050103966146707535 -0.984864890575408936 -0.891037046909332275 0.165923982858657837 -49.955081939697265625 -0.435521841049194336 -12.039958953857421875
0.898754358291625977 -0.117334276437759399 -0.422461003065109253 -0.128643035888671875 -11.162824630737304688 -0.050188172608613968 -0.984725177288055420 -0.890914797782897949 0.166725859045982361 -49.780963897705078125 -0.435570627450942993 -12.003360748291015625
0.898736655712127686 -0.117846876382827759 -0.422355890274047852 -0.129450932145118713 -11.135450363159179688 -0.050302028656005859 -0.984558045864105225 -0.890786349773406982 0.167675688862800598 -49.595413208007812500 -0.435593932867050171 -11.964818954467773438
0.898691296577453613 -0.118362866342067719 -0.422308206558227539 -0.130151137709617615 -11.105093955993652344 -0.050455663353204727 -0.984403848648071289 -0.890647232532501221 0.168532833456993103 -49.390460968017578125 -0.435669839382171631 -11.924888610839843750
0.898665845394134521 -0.118891619145870209 -0.422213733196258545 -0.130941882729530334 -11.073907852172851562 -0.050589095801115036 -0.984235227108001709 -0.890513241291046143 0.169474884867668152 -49.172328948974609375 -0.435706794261932373 -11.881803512573242188
0.898592412471771240 -0.119601152837276459 -0.422169685363769531 -0.131783112883567810 -11.039020538330078125 -0.050849635154008865 -0.984036982059478760 -0.890329837799072266 0.170544832944869995 -48.940734863281250000 -0.435827940702438354 -11.839142799377441406
0.898579955101013184 -0.120227731764316559 -0.422018140554428101 -0.132692471146583557 -11.001103401184082031 -0.051027175039052963 -0.983838379383087158 -0.890192389488220215 0.171633988618850708 -48.692283630371093750 -0.435832828283309937 -11.787391662597656250
0.898548364639282227 -0.120982430875301361 -0.421869724988937378 -0.133610963821411133 -10.959054946899414062 -0.051312718540430069 -0.983621537685394287 -0.890039503574371338 0.172787860035896301 -48.431671142578125000 -0.435864448547363281 -11.732199668884277344
0.898507237434387207 -0.121718205511569977 -0.421745687723159790 -0.134539172053337097 -10.914486885070800781 -0.051572434604167938 -0.983404219150543213 -0.889873147010803223 0.173943653702735901 -48.156352996826171875 -0.435918629169464111 -11.676395416259765625
0.898411631584167480 -0.122488200664520264 -0.421726435422897339 -0.135549649596214294 -10.864502906799316406 -0.051805131137371063 -0.983169853687286377 -0.889636754989624023 0.175195008516311646 -47.871040344238281250 -0.436088055372238159 -11.619858741760253906
0.898344337940216064 -0.123304523527622223 -0.421631932258605957 -0.136569783091545105 -10.814845085144042969 -0.052088465541601181 -0.982926607131958008 -0.889429271221160889 0.176471263170242310 -47.573444366455078125 -0.436192959547042847 -11.559062957763671875
0.898269176483154297 -0.124080292880535126 -0.421564489603042603 -0.137564167380332947 -10.760693550109863281 -0.052341885864734650 -0.982690274715423584 -0.889214932918548584 0.177708029747009277 -47.262065887451171875 -0.436317384243011475 -11.492390632629394531
0.898176968097686768 -0.124898836016654968 -0.421519190073013306 -0.138693511486053467 -10.704251289367675781 -0.052568051964044571 -0.982427775859832764 -0.888959705829620361 0.179087147116661072 -46.944236755371093750 -0.436479955911636353 -11.426881790161132812
0.898095071315765381 -0.125779524445533752 -0.421431779861450195 -0.139760866761207581 -10.645880699157714844 -0.052884187549352646 -0.982164144515991211 -0.888728559017181396 0.180435180664062500 -46.613346099853515625 -0.436610221862792969 -11.356929779052734375
0.898021101951599121 -0.126666009426116943 -0.421323925256729126 -0.140858501195907593 -10.586708068847656250 -0.053195577114820480 -0.981893360614776611 -0.888499021530151367 0.181812062859535217 -46.270740509033203125 -0.436724573373794556 -11.285285949707031250
0.897948503494262695 -0.127643659710884094 -0.421183496713638306 -0.142018511891365051 -10.524753570556640625 -0.053565312176942825 -0.981599628925323486 -0.888263225555419922 0.183283716440200806 -45.920192718505859375 -0.436828583478927612 -11.212419509887695312
0.897906303405761719 -0.128529861569404602 -0.421003937721252441 -0.143172562122344971 -10.462735176086425781 -0.053865164518356323 -0.981316328048706055 -0.888053417205810547 0.184707477688789368 -45.558612823486328125 -0.436878472566604614 -11.140434265136718750
0.897844910621643066 -0.129518613219261169 -0.420831888914108276 -0.144339635968208313 -10.396617889404296875 -0.054247219115495682 -0.981015264987945557 -0.887825608253479004 0.186188712716102600 -45.188224792480468750 -0.436957418918609619 -11.066315650939941406
0.897811293601989746 -0.130472242832183838 -0.420608878135681152 -0.145489707589149475 -10.328230857849121094 -0.054616358131170273 -0.980718970298767090 -0.887626528739929199 0.187636122107505798 -44.807849884033203125 -0.436980426311492920 -10.988408088684082031
0.897760689258575439 -0.131541028618812561 -0.420384049415588379 -0.146725788712501526 -10.256361961364746094 -0.055048126727342606 -0.980392038822174072 -0.887398481369018555 0.189212054014205933 -44.421222686767578125 -0.437030315399169922 -10.906583786010742188
0.897712767124176025 -0.132489323616027832 -0.420188456773757935 -0.147986769676208496 -10.184811592102050781 -0.055356871336698532 -0.980074763298034668 -0.887159824371337891 0.190759330987930298 -44.025291442871093750 -0.437089681625366211 -10.825492858886718750
0.897640466690063477 -0.133530676364898682 -0.420013338327407837 -0.149226903915405273 -10.109431266784667969 -0.055751536041498184 -0.979745328426361084 -0.886903584003448486 0.192330121994018555 -43.622600555419921875 -0.437188059091567993 -10.737034797668457031
0.897570848464965820 -0.134626984596252441 -0.419812083244323730 -0.150629460811614990 -10.031574249267578125 -0.056126855313777924 -0.979380607604980469 -0.886619627475738525 0.194070696830749512 -43.218650817871093750 -0.437282949686050415 -10.640963554382324219
0.897499680519104004 -0.135726705193519592 -0.419610053300857544 -0.151992335915565491 -9.951676368713378906 -0.056522514671087265 -0.979018151760101318 -0.886340081691741943 0.195776954293251038 -42.810325622558593750 -0.437378048896789551 -10.543574333190917969
0.897491455078125000 -0.136727184057235718 -0.419302761554718018 -0.153326556086540222 -9.874732017517089844 -0.056866988539695740 -0.978670835494995117 -0.886123955249786377 0.197406947612762451 -42.394123077392578125 -0.437350273132324219 -10.444127082824707031
0.897436499595642090 -0.137667685747146606 -0.419112563133239746 -0.154608756303787231 -9.795689582824707031 -0.057156395167112350 -0.978337228298187256 -0.885864138603210449 0.198970869183540344 -41.970428466796875000 -0.437425285577774048 -10.350712776184082031
0.897411465644836426 -0.138668835163116455 -0.418836027383804321 -0.155923858284950256 -9.716383934020996094 -0.057502839714288712 -0.977987051010131836 -0.885630667209625244 0.200585946440696716 -41.539154052734375000 -0.437431246042251587 -10.253056526184082031
0.897403776645660400 -0.139758378267288208 -0.418490171432495117 -0.157203704118728638 -9.637742042541503906 -0.057957533746957779 -0.977627038955688477 -0.885426223278045654 0.202203691005706787 -41.100646972656250000 -0.437386959791183472 -10.152497291564941406
0.897359311580657959 -0.140820965170860291 -0.418229222297668457 -0.158428564667701721 -9.553235054016113281 -0.058394059538841248 -0.977276742458343506 -0.885191500186920166 0.203765273094177246 -40.653358459472656250 -0.437420129776000977 -10.048596382141113281
0.897277235984802246 -0.141842484474182129 -0.418060153722763062 -0.159674137830734253 -9.465611457824707031 -0.058764297515153885 -0.976926267147064209 -0.884908914566040039 0.205333575606346130 -40.199077606201171875 -0.437538951635360718 -9.944372177124023438
0.897236347198486328 -0.142968267202377319 -0.417764365673065186 -0.160946950316429138 -9.379944801330566406 -0.059241641312837601 -0.976553201675415039 -0.884668648242950439 0.206964418292045593 -39.740531921386718750 -0.437558472156524658 -9.838395118713378906
0.897190034389495850 -0.143991395831108093 -0.417512297630310059 -0.162198349833488464 -9.290321350097656250 -0.059628944844007492 -0.976195752620697021 -0.884419143199920654 0.208533495664596558 -39.273315429687500000 -0.437600761651992798 -9.732300758361816406
0.897098422050476074 -0.145131796598434448 -0.417314201593399048 -0.163430213928222656 -9.193537712097167969 -0.060113959014415741 -0.975821375846862793 -0.884132266044616699 0.210140407085418701 -38.797039031982421875 -0.437722146511077881 -9.620272636413574219
0.897006452083587646 -0.146365031599998474 -0.417081236839294434 -0.164850041270256042 -9.097128868103027344 -0.060602821409702301 -0.975398242473602295 -0.883808612823486328 0.211956486105918884 -38.331886291503906250 -0.437843322753906250 -9.501898765563964844
0.896968245506286621 -0.147580027580261230 -0.416735082864761353 -0.166187420487403870 -9.003599166870117188 -0.061139132827520370 -0.974988162517547607 -0.883556306362152100 0.213682308793067932 -37.865959167480468750 -0.437846988439559937 -9.385301589965820312
0.896928131580352783 -0.148589536547660828 -0.416462510824203491 -0.167406558990478516 -8.905570983886718750 -0.061532475054264069 -0.974626183509826660 -0.883312761783599854 0.215215146541595459 -37.396259307861328125 -0.437873989343643188 -9.267887115478515625
0.896894872188568115 -0.149720922112464905 -0.416128903627395630 -0.168617472052574158 -8.811682701110839844 -0.062049660831689835 -0.974244236946105957 -0.883084774017333984 0.216790333390235901 -36.930061340332031250 -0.437869220972061157 -9.156379699707031250
0.896852791309356689 -0.150749444961547852 -0.415848165750503540 -0.169694244861602783 -8.719450950622558594 -0.062525011599063873 -0.973898589611053467 -0.882869303226470947 0.218202084302902222 -36.462726593017578125 -0.437887787818908691 -9.052954673767089844
0.896791160106658936 -0.151941105723381042 -0.415547192096710205 -0.170956537127494812 -8.616453170776367188 -0.063062921166419983 -0.973492562770843506 -0.882601380348205566 0.219852909445762634 -36.000923156738281250 -0.437936782836914062 -8.931774139404296875
0.896682620048522949 -0.153161808848381042 -0.415333300828933716 -0.172329276800155640 -8.508619308471679688 -0.063554339110851288 -0.973059117794036865 -0.882259309291839600 0.221623018383979797 -35.548912048339843750 -0.438088059425354004 -8.807742118835449219
0.896720349788665771 -0.154169917106628418 -0.414878606796264648 -0.173507973551750183 -8.417883872985839844 -0.064008451998233795 -0.972690403461456299 -0.882099449634552002 0.223106026649475098 -35.091232299804687500 -0.437944680452346802 -8.696587562561035156
0.896668791770935059 -0.155257716774940491 -0.414584279060363770 -0.174803465604782104 -8.328340530395507812 -0.064438983798027039 -0.972285330295562744 -0.881822586059570312 0.224741682410240173 -34.637821197509765625 -0.437987089157104492 -8.598769187927246094
0.896602511405944824 -0.156482398509979248 -0.414267063140869141 -0.176198214292526245 -8.237509727478027344 -0.064948454499244690 -0.971837162971496582 -0.881514906883239746 0.226526498794555664 -34.186717987060546875 -0.438047528266906738 -8.502684593200683594
0.896535634994506836 -0.157722786068916321 -0.413941234350204468 -0.177599877119064331 -8.136221885681152344 -0.065470062196254730 -0.971381366252899170 -0.881204187870025635 0.228324025869369507 -33.731960296630859375 -0.438106715679168701 -8.391166687011718750
0.896404981613159180 -0.158946231007575989 -0.413756251335144043 -0.179044693708419800 -8.022116661071777344 -0.065920941531658173 -0.970916628837585449 -0.880812346935272217 0.230163723230361938 -33.287082672119140625 -0.438306480646133423 -8.271559715270996094
0.896359622478485107 -0.160028725862503052 -0.413437068462371826 -0.180063277482986450 -7.918510913848876953 -0.066476508975028992 -0.970550358295440674 -0.880600333213806152 0.231544494628906250 -32.850490570068359375 -0.438315272331237793 -8.134848594665527344
0.896298766136169434 -0.161007985472679138 -0.413188695907592773 -0.180895671248435974 -7.823091506958007812 -0.067008689045906067 -0.970233559608459473 -0.880408108234405518 0.232715815305709839 -32.434581756591796875 -0.438358664512634277 -8.023172378540039062
0.896201729774475098 -0.161841467022895813 -0.413073569536209106 -0.181609809398651123 -7.738691806793212891 -0.067433789372444153 -0.969961464405059814 -0.880194723606109619 0.233725205063819885 -32.041458129882812500 -0.438491880893707275 -7.924500465393066406
0.896126806735992432 -0.162792086601257324 -0.412862479686737061 -0.182526215910911560 -7.668172359466552734 -0.067892976105213165 -0.969630300998687744 -0.879964172840118408 0.234963029623031616 -31.685665130615234375 -0.438574105501174927 -7.836963653564453125
0.896150946617126465 -0.163362622261047363 -0.412584662437438965 -0.182738468050956726 -7.608818054199218750 -0.068360902369022369 -0.969494342803955078 -0.879980921745300293 0.235387936234474182 -31.326995849609375000 -0.438452064990997314 -7.744121074676513672
0.896076858043670654 -0.164031282067298889 -0.412480324506759644 -0.183373436331748962 -7.550534725189208984 -0.068676441907882690 -0.969261527061462402 -0.879797935485839844 0.236253306269645691 -31.018699645996093750 -0.438554227352142334 -7.671089649200439453
0.896127104759216309 -0.164441749453544617 -0.412207692861557007 -0.183701217174530029 -7.511680126190185547 -0.068953186273574829 -0.969129920005798340 -0.879802346229553223 0.236712247133255005 -30.719425201416015625 -0.438408166170120239 -7.595974445343017578
0.896043121814727783 -0.164993032813072205 -0.412169873714447021 -0.184234783053398132 -7.472399234771728516 -0.069195844233036041 -0.968934893608093262 -0.879624307155609131 0.237438604235649109 -30.461688995361328125 -0.438541501760482788 -7.539557933807373047
0.895974099636077881 -0.165396898984909058 -0.412158101797103882 -0.184395805001258850 -7.443244934082031250 -0.069473311305046082 -0.968835413455963135 -0.879542112350463867 0.237763345241546631 -30.218236923217773438 -0.438638657331466675 -7.488075256347656250
0.895927190780639648 -0.165815100073814392 -0.412092000246047974 -0.184689894318580627 -7.426451683044433594 -0.069717176258563995 -0.968707919120788574 -0.879451930522918701 0.238211080431938171 -30.010503768920898438 -0.438695758581161499 -7.436736583709716797
0.895898938179016113 -0.166138097643852234 -0.412023305892944336 -0.185046985745429993 -7.412827014923095703 -0.069851323962211609 -0.968584418296813965 -0.879358708858489990 0.238673523068428040 -29.838193893432617188 -0.438732117414474487 -7.386728286743164062
0.895798861980438232 -0.166439130902290344 -0.412119477987289429 -0.185154080390930176 -7.395287990570068359 -0.070035800337791443 -0.968512237071990967 -0.879248857498168945 0.238912135362625122 -29.684989929199218750 -0.438907086849212646 -7.339840888977050781
0.895719647407531738 -0.166736438870429993 -0.412171453237533569 -0.185338452458381653 -7.381423473358154297 -0.070193767547607422 -0.968425869941711426 -0.879141926765441895 0.239215835928916931 -29.560022354125976562 -0.439043492078781128 -7.298108100891113281
0.895680248737335205 -0.166949793696403503 -0.412170648574829102 -0.185475856065750122 -7.371783256530761719 -0.070314936339855194 -0.968362808227539062 -0.879082500934600830 0.239435449242591858 -29.455320358276367188 -0.439104408025741577 -7.259290218353271484
0.895651578903198242 -0.167139917612075806 -0.412155926227569580 -0.185687676072120667 -7.363550186157226562 -0.070386089384555817 -0.968289375305175781 -0.879014253616333008 0.239711210131645203 -29.376432418823242188 -0.439151525497436523 -7.225762367248535156
0.895687103271484375 -0.167336046695709229 -0.411999136209487915 -0.185735881328582764 -7.364000320434570312 -0.070574626326560974 -0.968246281147003174 -0.879055380821228027 0.239829927682876587 -29.313127517700195312 -0.439048826694488525 -7.195397853851318359
0.895677745342254639 -0.167489439249038696 -0.411957055330276489 -0.185814365744590759 -7.359564304351806641 -0.070682018995285034 -0.968204677104949951 -0.879037916660308838 0.239966124296188354 -29.270109176635742188 -0.439050555229187012 -7.170512199401855469
0.895701289176940918 -0.167666301131248474 -0.411833941936492920 -0.185862034559249878 -7.362717628479003906 -0.070845268666744232 -0.968164920806884766 -0.879064917564392090 0.240078389644622803 -29.250190734863281250 -0.438976258039474487 -7.151433467864990234
0.895815551280975342 -0.167560085654258728 -0.411628633737564087 -0.185560345649719238 -7.379836082458496094 -0.070945776998996735 -0.968241155147552490 -0.879253149032592773 0.239740952849388123 -29.228370666503906250 -0.438726812601089478 -7.136758804321289062
0.895764589309692383 -0.167641729116439819 -0.411706328392028809 -0.185703888535499573 -7.379341125488281250 -0.070930056273937225 -0.968199551105499268 -0.879169642925262451 0.239913761615753174 -29.248636245727539062 -0.438833415508270264 -7.136484622955322266
0.895769774913787842 -0.167641326785087585 -0.411695152521133423 -0.185586437582969666 -7.380753993988037109 -0.070985943078994751 -0.968222141265869141 -0.879204273223876953 0.239806041121482849 -29.273962020874023438 -0.438813745975494385 -7.139193058013916016
0.895855545997619629 -0.167504787445068359 -0.411564111709594727 -0.185323342680931091 -7.388009548187255859 -0.071022912859916687 -0.968296110630035400 -0.879350125789642334 0.239496007561683655 -29.306861877441406250 -0.438632667064666748 -7.143757820129394531
0.895877599716186523 -0.167311623692512512 -0.411594599485397339 -0.184887453913688660 -7.389780998229980469 -0.071046248078346252 -0.968412876129150391 -0.879466235637664795 0.239016696810722351 -29.343391418457031250 -0.438583791255950928 -7.148168563842773438
0.895923256874084473 -0.167093500494956970 -0.411583811044692993 -0.184343889355659485 -7.393914699554443359 -0.071107797324657440 -0.968554139137268066 -0.879631817340850830 0.238425225019454956 -29.379793167114257812 -0.438480496406555176 -7.156797409057617188
0.895952939987182617 -0.166895195841789246 -0.411599665880203247 -0.184059768915176392 -7.395839691162109375 -0.071061745285987854 -0.968642354011535645 -0.879717826843261719 0.238080307841300964 -29.417287826538085938 -0.438427329063415527 -7.164049625396728516
0.895918130874633789 -0.166923284530639648 -0.411664128303527832 -0.183908164501190186 -7.400118350982666016 -0.071137391030788422 -0.968666315078735352 -0.879720151424407959 0.237960219383239746 -29.453111648559570312 -0.438486278057098389 -7.178252696990966797
0.895881831645965576 -0.166864350438117981 -0.411766976118087769 -0.183849185705184937 -7.402268886566162109 -0.071086108684539795 -0.968687653541564941 -0.879691421985626221 0.237888634204864502 -29.488723754882812500 -0.438568741083145142 -7.188060283660888672
0.895839154720306396 -0.166821673512458801 -0.411877065896987915 -0.183753028512001038 -7.401878356933593750 -0.071063734591007233 -0.968713223934173584 -0.879666268825531006 0.237791061401367188 -29.522373199462890625 -0.438659459352493286 -7.192170143127441406
0.895843505859375000 -0.166747674345970154 -0.411897569894790649 -0.183610260486602783 -7.406932353973388672 -0.071059323847293854 -0.968753039836883545 -0.879700124263763428 0.237630143761634827 -29.556035995483398438 -0.438651293516159058 -7.201358795166015625
0.895829677581787109 -0.166545093059539795 -0.412009567022323608 -0.183285653591156006 -7.416541576385498047 -0.071002461016178131 -0.968849360942840576 -0.879749119281768799 0.237254187464714050 -29.585132598876953125 -0.438688725233078003 -7.223782062530517578
0.895909368991851807 -0.166299760341644287 -0.411935418844223022 -0.182835340499877930 -7.436885356903076172 -0.071014955639839172 -0.968976616859436035 -0.879924952983856201 0.236730322241783142 -29.608999252319335938 -0.438523977994918823 -7.236830711364746094
0.895871341228485107 -0.166326403617858887 -0.412007331848144531 -0.182804435491561890 -7.443258762359619141 -0.071032859385013580 -0.968977868556976318 -0.879894137382507324 0.236719802021980286 -29.635457992553710938 -0.438598722219467163 -7.252982616424560547
0.895824670791625977 -0.166387200355529785 -0.412084251642227173 -0.183023005723953247 -7.447270870208740234 -0.070965856313705444 -0.968926131725311279 -0.879795789718627930 0.236951410770416260 -29.659553527832031250 -0.438704907894134521 -7.264908790588378906
0.895773947238922119 -0.166520774364471436 -0.412140637636184692 -0.183362081646919250 -7.450183868408203125 -0.070912219583988190 -0.968839108943939209 -0.879669129848480225 0.237323150038719177 -29.683179855346679688 -0.438817203044891357 -7.273714065551757812
0.895895659923553467 -0.166388541460037231 -0.411929339170455933 -0.182997971773147583 -7.471652984619140625 -0.071019306778907776 -0.968930661678314209 -0.879877567291259766 0.236917003989219666 -29.667018890380859375 -0.438551247119903564 -7.273499488830566406
0.895848870277404785 -0.166347131133079529 -0.412047892808914185 -0.182748511433601379 -7.475263595581054688 -0.071065276861190796 -0.968984842300415039 -0.879885435104370117 0.236681446433067322 -29.655445098876953125 -0.438639461994171143 -7.279524326324462891
0.895850419998168945 -0.166412711143493652 -0.412017971277236938 -0.182787835597991943 -7.486852645874023438 -0.071111790835857391 -0.968966186046600342 -0.879882693290710449 0.236743941903114319 -29.640377044677734375 -0.438628673553466797 -7.285255908966064453
0.895812928676605225 -0.166741013526916504 -0.411966711282730103 -0.183149829506874084 -7.495063781738281250 -0.071243755519390106 -0.968841373920440674 -0.879779875278472900 0.237214580178260803 -29.621091842651367188 -0.438683807849884033 -7.292855739593505859
0.895807862281799316 -0.166918918490409851 -0.411905765533447266 -0.183306068181991577 -7.495604515075683594 -0.071342118084430695 -0.968781173229217529 -0.879750132560729980 0.237430706620216370 -29.562629699707031250 -0.438678205013275146 -7.284638881683349609
0.895744264125823975 -0.167236581444740295 -0.411915272474288940 -0.183630868792533875 -7.490667819976806641 -0.071465559303760529 -0.968664884567260742 -0.879627645015716553 0.237867698073387146 -29.495582580566406250 -0.438788026571273804 -7.280269145965576172
0.895697891712188721 -0.167552605271339417 -0.411887615919113159 -0.184010922908782959 -7.485476016998291016 -0.071572326123714447 -0.968538105487823486 -0.879509687423706055 0.238351210951805115 -29.410079956054687500 -0.438865214586257935 -7.268799304962158203
0.895713627338409424 -0.167807385325431824 -0.411749690771102905 -0.184327453374862671 -7.481071949005126953 -0.071684554219245911 -0.968433797359466553 -0.879468560218811035 0.238740980625152588 -29.305109024047851562 -0.438814848661422729 -7.250542640686035156
0.895661592483520508 -0.168217197060585022 -0.411695629358291626 -0.184819161891937256 -7.468456745147705078 -0.071828186511993408 -0.968268990516662598 -0.879324078559875488 0.239365532994270325 -29.190132141113281250 -0.438897520303726196 -7.237918853759765625
0.895634531974792480 -0.168719023466110229 -0.411549121141433716 -0.185440301895141602 -7.456416606903076172 -0.072016790509223938 -0.968062877655029297 -0.879181146621704102 0.240141198039054871 -29.065370559692382812 -0.438921809196472168 -7.219254970550537109
0.895609498023986816 -0.169183537364006042 -0.411412924528121948 -0.186070278286933899 -7.440332412719726562 -0.072166509926319122 -0.967860937118530273 -0.879034817218780518 0.240909144282341003 -28.927171707153320312 -0.438948363065719604 -7.194424629211425781
0.895586669445037842 -0.169622018933296204 -0.411281943321228027 -0.186463817954063416 -7.417936801910400391 -0.072399623692035675 -0.967708408832550049 -0.878947377204895020 0.241451188921928406 -28.773597717285156250 -0.438956439495086670 -7.170116901397705078
0.895524859428405762 -0.170055806636810303 -0.411237508058547974 -0.186946168541908264 -7.393064498901367188 -0.072564996778964996 -0.967539250850677490 -0.878795504570007324 0.242078855633735657 -28.617134094238281250 -0.439055323600769043 -7.144368648529052734
0.895460426807403564 -0.170575216412544250 -0.411162614822387695 -0.187426760792732239 -7.364456653594970703 -0.072812698781490326 -0.967354774475097656 -0.878647983074188232 0.242740616202354431 -28.453884124755859375 -0.439145654439926147 -7.120278835296630859
0.895444035530090332 -0.170980542898178101 -0.411029964685440063 -0.187918573617935181 -7.336483478546142578 -0.072973005473613739 -0.967187821865081787 -0.878539502620697021 0.243357092142105103 -28.277925491333007812 -0.439152508974075317 -7.092166900634765625
0.895373284816741943 -0.171552270650863647 -0.410945922136306763 -0.188400715589523315 -7.301365375518798828 -0.073267042636871338 -0.966992735862731934 -0.878388583660125732 0.244042932987213135 -28.098381042480468750 -0.439247846603393555 -7.058178901672363281
0.895309984683990479 -0.172141134738922119 -0.410837471485137939 -0.189009308815002441 -7.262301921844482422 -0.073524795472621918 -0.966769337654113770 -0.878214895725250244 0.244849324226379395 -27.910219192504882812 -0.439333707094192505 -7.017421722412109375
0.895311772823333740 -0.172620758414268494 -0.410632371902465820 -0.189567819237709045 -7.226667881011962891 -0.073738045990467072 -0.966574430465698242 -0.878114163875579834 0.245553627610206604 -27.709032058715820312 -0.439294397830963135 -6.973725318908691406
0.895265042781829834 -0.173192739486694336 -0.410493284463882446 -0.190201103687286377 -7.186036109924316406 -0.073978260159492493 -0.966347694396972656 -0.877949833869934082 0.246372491121292114 -27.505516052246093750 -0.439349144697189331 -6.931135177612304688
0.895230531692504883 -0.173788830637931824 -0.410316556692123413 -0.190791562199592590 -7.142020702362060547 -0.074268803000450134 -0.966124236583709717 -0.877811014652252197 0.247160121798515320 -27.292039871215820312 -0.439370453357696533 -6.886332988739013672
0.895141959190368652 -0.174443140625953674 -0.410232156515121460 -0.191540881991386414 -7.096538066864013672 -0.074511229991912842 -0.965857982635498047 -0.877578020095825195 0.248125761747360229 -27.073783874511718750 -0.439509838819503784 -6.840543270111083984
0.895088315010070801 -0.175174459815025330 -0.410037547349929810 -0.192221254110336304 -7.048404216766357422 -0.074881196022033691 -0.965590417385101318 -0.877406001091003418 0.249054029583930969 -26.845048904418945312 -0.439556241035461426 -6.787965297698974609
0.895033955574035645 -0.175803422927856445 -0.409887075424194336 -0.192882448434829712 -6.995165348052978516 -0.075159877538681030 -0.965344250202178955 -0.877229213714599609 0.249922931194305420 -26.605827331542968750 -0.439619421958923340 -6.730292797088623047
0.895054519176483154 -0.176456689834594727 -0.409561306238174438 -0.193588405847549438 -6.949355125427246094 -0.075487866997718811 -0.965083718299865723 -0.877122879028320312 0.250828653573989868 -26.360883712768554688 -0.439521342515945435 -6.668543815612792969
0.894952595233917236 -0.177098572254180908 -0.409506916999816895 -0.194286629557609558 -6.890616416931152344 -0.075733475387096405 -0.964825809001922607 -0.876885652542114258 0.251745194196701050 -26.111909866333007812 -0.439686536788940430 -6.610523223876953125
0.894906759262084961 -0.177749350666999817 -0.409325152635574341 -0.194927841424942017 -6.836241245269775391 -0.076048210263252258 -0.964576721191406250 -0.876723766326904297 0.252603173255920410 -25.855253219604492188 -0.439725577831268311 -6.550382137298583984
0.894890069961547852 -0.178305670619010925 -0.409119576215744019 -0.195574477314949036 -6.780274391174316406 -0.076286442577838898 -0.964343130588531494 -0.876583397388458252 0.253421902656555176 -25.595861434936523438 -0.439718216657638550 -6.493497371673583984
0.894911110401153564 -0.178887054324150085 -0.408819645643234253 -0.196233049035072327 -6.725221157073974609 -0.076567396521568298 -0.964101672172546387 -0.876482188701629639 0.254254639148712158 -25.332469940185546875 -0.439626574516296387 -6.435687065124511719
0.894845604896545410 -0.179521247744560242 -0.408684998750686646 -0.196829602122306824 -6.663297653198242188 -0.076874688267707825 -0.963862121105194092 -0.876308441162109375 0.255068719387054443 -25.064516067504882812 -0.439706236124038696 -6.375186920166015625
0.894774913787841797 -0.180134251713752747 -0.408570140600204468 -0.197403296828269958 -6.600471973419189453 -0.077168472111225128 -0.963630437850952148 -0.876132965087890625 0.255854338407516479 -24.791301727294921875 -0.439798742532730103 -6.310336112976074219
0.894674897193908691 -0.180844038724899292 -0.408475548028945923 -0.198090374469757080 -6.531683921813964844 -0.077486924827098846 -0.963356435298919678 -0.875903844833374023 0.256788104772567749 -24.517286300659179688 -0.439946144819259644 -6.238543033599853516
0.894620358943939209 -0.181490257382392883 -0.408308297395706177 -0.198594748973846436 -6.467168331146240234 -0.077855221927165985 -0.963131070137023926 -0.875766634941101074 0.257521152496337891 -24.228569030761718750 -0.439991980791091919 -6.165015697479248047
0.894528031349182129 -0.182290032505989075 -0.408154338598251343 -0.199349820613861084 -6.398552894592285156 -0.078235737979412079 -0.962823987007141113 -0.875534594058990479 0.258552074432373047 -23.938169479370117188 -0.440112262964248657 -6.093730449676513672
0.894508063793182373 -0.182983532547950745 -0.407887727022171021 -0.199969977140426636 -6.333730220794677734 -0.078619800508022308 -0.962563753128051758 -0.875407159328460693 0.259402960538864136 -23.633848190307617188 -0.440084427595138550 -6.020796775817871094
0.894457638263702393 -0.183703973889350891 -0.407674282789230347 -0.200678095221519470 -6.263353824615478516 -0.078971050679683685 -0.962279140949249268 -0.875225245952606201 0.260350584983825684 -23.325468063354492188 -0.440123915672302246 -5.945059299468994141
0.894345879554748535 -0.184581995010375977 -0.407523006200790405 -0.201471894979476929 -6.188794136047363281 -0.079398773610591888 -0.961945176124572754 -0.874967277050018311 0.261452227830886841 -23.014696121215820312 -0.440274149179458618 -5.867737293243408203
0.894296407699584961 -0.185373872518539429 -0.407272011041641235 -0.202221617102622986 -6.117859363555908203 -0.079802244901657104 -0.961635529994964600 -0.874780476093292236 0.262466490268707275 -22.691534042358398438 -0.440301686525344849 -5.785864830017089844
0.894204676151275635 -0.186123102903366089 -0.407131612300872803 -0.202993452548980713 -6.038433074951171875 -0.080126583576202393 -0.961328148841857910 -0.874537587165832520 0.263491719961166382 -22.361351013183593750 -0.440429002046585083 -5.701694488525390625
0.894149124622344971 -0.187001660466194153 -0.406851023435592651 -0.203843459486961365 -5.962162494659423828 -0.080566011369228363 -0.960977733135223389 -0.874323368072509766 0.264633506536483765 -22.028549194335937500 -0.440461695194244385 -5.617575168609619141
0.894067108631134033 -0.187811568379402161 -0.406658142805099487 -0.204703703522682190 -5.882548332214355469 -0.080916181206703186 -0.960636854171752930 -0.874070823192596436 0.265761852264404297 -21.689950942993164062 -0.440563946962356567 -5.532917022705078125
0.893952727317810059 -0.188681393861770630 -0.406506836414337158 -0.205451890826225281 -5.800216674804687500 -0.081355802714824677 -0.960306644439697266 -0.873819112777709961 0.266819000244140625 -21.344377517700195312 -0.440715014934539795 -5.442335605621337891
0.893886268138885498 -0.189475893974304199 -0.406283497810363770 -0.206239879131317139 -5.719113826751708984 -0.081734411418437958 -0.959981262683868408 -0.873600721359252930 0.267872154712677002 -20.991695404052734375 -0.440779834985733032 -5.348920822143554688
0.893791794776916504 -0.190208792686462402 -0.406148850917816162 -0.207041069865226746 -5.635959625244140625 -0.082027837634086609 -0.959663808345794678 -0.873342037200927734 0.268917888402938843 -20.633661270141601562 -0.440916895866394043 -5.260679244995117188
0.893668651580810547 -0.191125974059104919 -0.405989140272140503 -0.207816198468208313 -5.551957130432128906 -0.082496389746665955 -0.959313988685607910 -0.873076021671295166 0.270020455121994019 -20.270124435424804688 -0.441078990697860718 -5.173592090606689453
0.893597781658172607 -0.191964417695999146 -0.405749529600143433 -0.208694264292716980 -5.469041347503662109 -0.082874663174152374 -0.958955883979797363 -0.872829794883728027 0.271174162626266479 -19.899719238281250000 -0.441151678562164307 -5.080863952636718750
0.893491744995117188 -0.192847773432731628 -0.405564069747924805 -0.209640562534332275 -5.380078792572021484 -0.083242692053318024 -0.958572149276733398 -0.872529506683349609 0.272415280342102051 -19.526374816894531250 -0.441297084093093872 -4.981136322021484375
0.893335103988647461 -0.193838074803352356 -0.405436992645263672 -0.210592761635780334 -5.287456035614013672 -0.083679892122745514 -0.958163619041442871 -0.872181534767150879 0.273715525865554810 -19.147485733032226562 -0.441531449556350708 -4.878954887390136719
0.893222153186798096 -0.194850236177444458 -0.405200630426406860 -0.211646065115928650 -5.195763587951660156 -0.084121704101562500 -0.957726120948791504 -0.871853351593017578 0.275107622146606445 -18.770992279052734375 -0.441676020622253418 -4.773730754852294922
0.893103778362274170 -0.195787027478218079 -0.405009984970092773 -0.212597563862800598 -5.099492073059082031 -0.084532119333744049 -0.957324266433715820 -0.871540188789367676 0.276377648115158081 -18.393684387207031250 -0.441837042570114136 -4.663164615631103516
0.893031895160675049 -0.196598336100578308 -0.404775351285934448 -0.213524445891380310 -5.005487442016601562 -0.084861181676387787 -0.956951618194580078 -0.871271908283233643 0.277564734220504761 -18.017044067382812500 -0.441919207572937012 -4.557208538055419922
0.892948091030120850 -0.197479829192161560 -0.404531061649322510 -0.214506760239601135 -4.912823200225830078 -0.085226394236087799 -0.956550359725952148 -0.870980322360992432 0.278833091259002686 -17.643182754516601562 -0.442018240690231323 -4.458618164062500000
0.892867147922515869 -0.198367655277252197 -0.404275298118591309 -0.215553209185600281 -4.819131374359130859 -0.085570454597473145 -0.956131339073181152 -0.870672643184661865 0.280161768198013306 -17.271999359130859375 -0.442115306854248047 -4.355257511138916016
0.892755150794982910 -0.199294805526733398 -0.404066622257232666 -0.216477528214454651 -4.721367835998535156 -0.085988797247409821 -0.955729603767395020 -0.870369613170623779 0.281401604413986206 -16.903070449829101562 -0.442260324954986572 -4.248255729675292969
0.892675042152404785 -0.200120568275451660 -0.403835386037826538 -0.217249050736427307 -4.623893260955810547 -0.086399219930171967 -0.955381929874420166 -0.870135843753814697 0.282454520463943481 -16.536369323730468750 -0.442342013120651245 -4.142773628234863281
0.892606854438781738 -0.201042413711547852 -0.403528183698654175 -0.218106880784034729 -4.527891159057617188 -0.086874231696128845 -0.954992830753326416 -0.869898557662963867 0.283622175455093384 -16.177341461181640625 -0.442386597394943237 -4.040014266967773438
0.892512023448944092 -0.201904013752937317 -0.403307646512985229 -0.218953698873519897 -4.429823875427246094 -0.087275817990303040 -0.954617202281951904 -0.869628667831420898 0.284761101007461548 -15.824159622192382812 -0.442498862743377686 -3.936715126037597656
0.892453491687774658 -0.202652350068092346 -0.403061836957931519 -0.219723537564277649 -4.333819866180419922 -0.087625734508037567 -0.954281687736511230 -0.869409561157226562 0.285776376724243164 -15.477749824523925781 -0.442547798156738281 -3.832103252410888672
0.892343759536743164 -0.203398466110229492 -0.402928888797760010 -0.220312774181365967 -4.238154888153076172 -0.088021084666252136 -0.953987061977386475 -0.869187772274017334 0.286637306213378906 -15.139508247375488281 -0.442690521478652954 -3.731281280517578125
0.892258465290069580 -0.204153433442115784 -0.402735888957977295 -0.220928579568862915 -4.148552417755126953 -0.088430494070053101 -0.953683376312255859 -0.868985414505004883 0.287520617246627808 -14.808464050292968750 -0.442780852317810059 -3.634335756301879883
0.892170608043670654 -0.204869925975799561 -0.402566671371459961 -0.221506148576736450 -4.062838077545166016 -0.088817462325096130 -0.953395664691925049 -0.868787646293640137 0.288354158401489258 -14.487226486206054688 -0.442880421876907349 -3.543264627456665039
0.892097771167755127 -0.205486029386520386 -0.402414023876190186 -0.222025260329246521 -3.980736255645751953 -0.089141882956027985 -0.953142344951629639 -0.868613541126251221 0.289090722799301147 -14.173512458801269531 -0.442961931228637695 -3.456200838088989258
0.891996026039123535 -0.206052735447883606 -0.402349770069122314 -0.222589984536170959 -3.901039123535156250 -0.089374795556068420 -0.952888250350952148 -0.868388473987579346 0.289855450391769409 -13.876119613647460938 -0.443119853734970093 -3.374481678009033203
0.891930341720581055 -0.206574589014053345 -0.402227848768234253 -0.223079726099967957 -3.825963735580444336 -0.089623488485813141 -0.952660679817199707 -0.868220865726470947 0.290525823831558228 -13.585969924926757812 -0.443201899528503418 -3.297062635421752930
0.891869008541107178 -0.207085981965065002 -0.402100771665573120 -0.223446771502494812 -3.752361297607421875 -0.089922055602073669 -0.952463626861572266 -0.868094384670257568 0.291079163551330566 -13.305464744567871094 -0.443264782428741455 -3.222948789596557617
0.891799211502075195 -0.207565337419509888 -0.402008503675460815 -0.223893165588378906 -3.682484626770019531 -0.090145379304885864 -0.952254414558410645 -0.867930769920349121 0.291693896055221558 -13.038452148437500000 -0.443359911441802979 -3.154055595397949219
0.891781270503997803 -0.207991063594818115 -0.401828140020370483 -0.224194064736366272 -3.615655660629272461 -0.090420328080654144 -0.952090740203857422 -0.867863297462463379 0.292142808437347412 -12.775338172912597656 -0.443339943885803223 -3.086505413055419922
0.891710400581359863 -0.208557978272438049 -0.401691645383834839 -0.224642112851142883 -3.548794746398925781 -0.090730339288711548 -0.951861083507537842 -0.867706954479217529 0.292794317007064819 -12.524782180786132812 -0.443419218063354492 -3.021271705627441406
0.891648471355438232 -0.209145262837409973 -0.401523679494857788 -0.225156307220458984 -3.483962297439575195 -0.091036736965179443 -0.951610684394836426 -0.867542088031768799 0.293512195348739624 -12.281712532043457031 -0.443480908870697021 -2.954640865325927734
0.891607463359832764 -0.209600150585174561 -0.401377469301223755 -0.225605726242065430 -3.419242143630981445 -0.091255426406860352 -0.951404154300689697 -0.867406189441680908 0.294113278388977051 -12.041377067565917969 -0.443518370389938354 -2.887345075607299805
0.891557514667510986 -0.210132166743278503 -0.401210218667984009 -0.226049453020095825 -3.355946063995361328 -0.091548010706901550 -0.951181411743164062 -0.867270171642303467 0.294741988182067871 -11.807126045227050781 -0.443558484315872192 -2.820752382278442383
0.891488194465637207 -0.210674703121185303 -0.401079773902893066 -0.226515069603919983 -3.290965080261230469 -0.091826863586902618 -0.950950622558593750 -0.867106854915618896 0.295399278402328491 -11.574548721313476562 -0.443640202283859253 -2.749681711196899414
0.891452014446258545 -0.211137533187866211 -0.400916814804077148 -0.227146074175834656 -3.227647781372070312 -0.091972671449184418 -0.950697422027587891 -0.866919994354248047 0.296167880296707153 -11.348423957824707031 -0.443682730197906494 -2.679079771041870117
0.891400873661041260 -0.211659565567970276 -0.400755226612091064 -0.227708324790000916 -3.163212537765502930 -0.092199340462684631 -0.950446784496307373 -0.866743981838226318 0.296900898218154907 -11.122584342956542969 -0.443738460540771484 -2.605980873107910156
0.891342520713806152 -0.212205648422241211 -0.400596141815185547 -0.228202253580093384 -3.103030920028686523 -0.092477001249790192 -0.950206577777862549 -0.866583645343780518 0.297582775354385376 -10.897401809692382812 -0.443797826766967773 -2.534618139266967773
0.891324698925018311 -0.212632983922958374 -0.400409162044525146 -0.228769585490226746 -3.042807579040527344 -0.092630609869956970 -0.949974596500396729 -0.866432130336761475 0.298274844884872437 -10.674085617065429688 -0.443801581859588623 -2.460695505142211914
0.891235888004302979 -0.213289335370063782 -0.400257676839828491 -0.229357123374938965 -2.980752944946289062 -0.092953547835350037 -0.949685692787170410 -0.866219997406005859 0.299093067646026611 -10.457627296447753906 -0.443912357091903687 -2.384793996810913086
0.891125380992889404 -0.213893011212348938 -0.400181651115417480 -0.229867592453956604 -2.921354055404663086 -0.093242995440959930 -0.949426472187042236 -0.866002082824707031 0.299825072288513184 -10.242632865905761719 -0.444073557853698730 -2.313284158706665039
0.891098618507385254 -0.214202925562858582 -0.400075465440750122 -0.230274990200996399 -2.884583234786987305 -0.093346104025840759 -0.949257910251617432 -0.865877389907836914 0.300326436758041382 -10.099235534667968750 -0.444105595350265503 -2.266713619232177734
0.891019701957702637 -0.214768260717391968 -0.399948090314865112 -0.230832427740097046 -2.825534105300903320 -0.093598522245883942 -0.948994696140289307 -0.865674972534179688 0.301078617572784424 -9.887317657470703125 -0.444210737943649292 -2.194978475570678711
0.890989005565643311 -0.215275481343269348 -0.399743705987930298 -0.231379374861717224 -2.768048763275146484 -0.093833394348621368 -0.948746562004089355 -0.865522801876068115 0.301786750555038452 -9.679388999938964844 -0.444222748279571533 -2.124371528625488281
0.890916109085083008 -0.215830951929092407 -0.399606704711914062 -0.232001751661300659 -2.707567930221557617 -0.094050064682960510 -0.948468327522277832 -0.865304589271545410 0.302592784166336060 -9.475442886352539062 -0.444323211908340454 -2.058037757873535156
0.890862047672271729 -0.216417551040649414 -0.399409890174865723 -0.232747614383697510 -2.645877838134765625 -0.094254821538925171 -0.948151886463165283 -0.865070939064025879 0.303519427776336670 -9.292457580566406250 -0.444388180971145630 -1.979451656341552734
0.890826463699340820 -0.216982111334800720 -0.399182915687561035 -0.233310237526893616 -2.598077297210693359 -0.094537302851676941 -0.947884559631347656 -0.864913523197174072 0.304265677928924561 -9.120461463928222656 -0.444399505853652954 -1.915772914886474609
0.890669167041778564 -0.217412844300270081 -0.399299502372741699 -0.233686476945877075 -2.557253837585449219 -0.094678469002246857 -0.947693169116973877 -0.864665389060974121 0.304817497730255127 -8.967512130737304688 -0.444684624671936035 -1.863729596138000488
0.890588760375976562 -0.217777401208877563 -0.399280190467834473 -0.234002441167831421 -2.530035495758056641 -0.094839230179786682 -0.947531461715698242 -0.864514708518981934 0.305269807577133179 -8.833058357238769531 -0.444811403751373291 -1.822335720062255859
0.890576064586639404 -0.218056976795196533 -0.399155914783477783 -0.234243497252464294 -2.514414548873901367 -0.095000557601451874 -0.947407603263854980 -0.864454030990600586 0.305603921413421631 -8.719096183776855469 -0.444802403450012207 -1.790925860404968262
0.890529096126556396 -0.218288987874984741 -0.399133831262588501 -0.234436273574829102 -2.501739025115966797 -0.095110006630420685 -0.947306454181671143 -0.864365458488464355 0.305883198976516724 -8.629520416259765625 -0.444873005151748657 -1.765660881996154785
0.890452265739440918 -0.218442484736442566 -0.399221301078796387 -0.234482571482658386 -2.492964029312133789 -0.095185473561286926 -0.947259604930877686 -0.864282011985778809 0.306004762649536133 -8.562534332275390625 -0.445010662078857422 -1.743620634078979492
0.890389204025268555 -0.218560099601745605 -0.399297505617141724 -0.234556570649147034 -2.485114812850952148 -0.095222018659114838 -0.947214186191558838 -0.864201009273529053 0.306134074926376343 -8.516074180603027344 -0.445128947496414185 -1.727444767951965332
0.890394628047943115 -0.218646168708801270 -0.399238348007202148 -0.234587118029594421 -2.478207826614379883 -0.095299333333969116 -0.947186768054962158 -0.864206850528717041 0.306194871664047241 -8.485325813293457031 -0.445101618766784668 -1.705270171165466309
0.890389204025268555 -0.218714043498039246 -0.399213284254074097 -0.234494328498840332 -2.472503185272216797 -0.095407821238040924 -0.947194039821624756 -0.864238381385803223 0.306138485670089722 -8.461515426635742188 -0.445089250802993774 -1.694357156753540039
0.890364646911621094 -0.218705296516418457 -0.399272859096527100 -0.234379157423973083 -2.465032339096069336 -0.095434203743934631 -0.947224557399749756 -0.864247202873229980 0.306035786867141724 -8.448014259338378906 -0.445132732391357422 -1.683255910873413086
0.890367090702056885 -0.218763723969459534 -0.399235427379608154 -0.234239250421524048 -2.463261365890502930 -0.095561251044273376 -0.947245717048645020 -0.864301681518554688 0.305930763483047485 -8.439517021179199219 -0.445100605487823486 -1.675653815269470215
0.890357136726379395 -0.218727201223373413 -0.399277627468109131 -0.234074562788009644 -2.458177566528320312 -0.095593862235546112 -0.947294831275939941 -0.864339649677276611 0.305768370628356934 -8.433336257934570312 -0.445113509893417358 -1.668784022331237793
0.890336811542510986 -0.218729570508003235 -0.399321585893630981 -0.234053850173950195 -2.452562332153320312 -0.095590457320213318 -0.947299420833587646 -0.864323973655700684 0.305755287408828735 -8.431073188781738281 -0.445154845714569092 -1.659440517425537109
0.890307068824768066 -0.218761563301086426 -0.399370402097702026 -0.233972147107124329 -2.448508977890014648 -0.095638625323772430 -0.947312235832214355 -0.864320814609527588 0.305700570344924927 -8.429315567016601562 -0.445203989744186401 -1.652031898498535156
0.890290319919586182 -0.218725204467773438 -0.399427562952041626 -0.233870998024940491 -2.446635961532592773 -0.095636382699012756 -0.947345554828643799 -0.864330708980560303 0.305597841739654541 -8.425799369812011719 -0.445237874984741211 -1.649450540542602539
0.890247285366058350 -0.218765825033187866 -0.399501323699951172 -0.233836546540260315 -2.443250656127929688 -0.095660932362079620 -0.947344720363616943 -0.864298403263092041 0.305592864751815796 -8.428672790527343750 -0.445318758487701416 -1.647991418838500977
0.890286803245544434 -0.218744203448295593 -0.399425029754638672 -0.233834013342857361 -2.442486286163330078 -0.095670394599437714 -0.947350323200225830 -0.864340841770172119 0.305572479963302612 -8.429623603820800781 -0.445237636566162109 -1.646211266517639160
0.890331447124481201 -0.218716859817504883 -0.399340540170669556 -0.233830407261848450 -2.442140340805053711 -0.095678418874740601 -0.947357535362243652 -0.864388644695281982 0.305547654628753662 -8.430417060852050781 -0.445146679878234863 -1.645241856575012207
0.890305876731872559 -0.218745067715644836 -0.399382025003433228 -0.233729213476181030 -2.443020343780517578 -0.095735117793083191 -0.947376012802124023 -0.864396035671234131 0.305472642183303833 -8.430473327636718750 -0.445185571908950806 -1.646804928779602051
0.890277922153472900 -0.218796283006668091 -0.399416267871856689 -0.233636960387229919 -2.443147897720336914 -0.095809184014797211 -0.947386920452117920 -0.864400386810302734 0.305415511131286621 -8.430974960327148438 -0.445225536823272705 -1.646854996681213379
0.890247344970703125 -0.218846544623374939 -0.399457007646560669 -0.233593642711639404 -2.444573879241943359 -0.095857240259647369 -0.947385966777801514 -0.864385843276977539 0.305403321981430054 -8.430654525756835938 -0.445276409387588501 -1.649513244628906250
0.890191256999969482 -0.218884348869323730 -0.399561256170272827 -0.233564913272857666 -2.442133665084838867 -0.095866322517395020 -0.947384357452392578 -0.864336848258972168 0.305405586957931519 -8.432697296142578125 -0.445386558771133423 -1.644438147544860840
0.890173137187957764 -0.218935340642929077 -0.399573713541030884 -0.233559802174568176 -2.441057682037353516 -0.095906734466552734 -0.947373807430267334 -0.864324092864990234 0.305425554513931274 -8.432083129882812500 -0.445414125919342041 -1.643936991691589355
0.890175044536590576 -0.218929827213287354 -0.399572432041168213 -0.233531922101974487 -2.440380811691284180 -0.095915704965591431 -0.947381973266601562 -0.864334583282470703 0.305397450923919678 -8.430359840393066406 -0.445408314466476440 -1.643782615661621094
0.890197873115539551 -0.218863040208816528 -0.399558126926422119 -0.233512550592422485 -2.440194129943847656 -0.095874346792697906 -0.947402179241180420 -0.864358723163604736 0.305347740650177002 -8.427815437316894531 -0.445371598005294800 -1.643992781639099121
0.890205323696136475 -0.218817502260208130 -0.399566501379013062 -0.233541145920753479 -2.441030740737915039 -0.095820270478725433 -0.947405636310577393 -0.864352703094482422 0.305353969335556030 -8.426776885986328125 -0.445368349552154541 -1.646581768989562988
0.890222489833831787 -0.218744814395904541 -0.399568080902099609 -0.233525365591049194 -2.442391872406005859 -0.095766894519329071 -0.947426319122314453 -0.864368736743927002 0.305306553840637207 -8.425898551940917969 -0.445345520973205566 -1.648559808731079102
0.890236437320709229 -0.218714669346809387 -0.399553477764129639 -0.233516767621040344 -2.445971965789794922 -0.095750950276851654 -0.947435379028320312 -0.864383637905120850 0.305283367633819580 -8.424362182617187500 -0.445321053266525269 -1.652065515518188477
0.890231192111968994 -0.218748614192008972 -0.399546533823013306 -0.233558937907218933 -2.446290731430053711 -0.095761649310588837 -0.947417140007019043 -0.864368021488189697 0.305336624383926392 -8.424942016601562500 -0.445329189300537109 -1.652498483657836914
0.890217900276184082 -0.218792304396629333 -0.399552345275878906 -0.233560606837272644 -2.447786331176757812 -0.095795094966888428 -0.947406649589538574 -0.864357590675354004 0.305358678102493286 -8.425080299377441406 -0.445348680019378662 -1.653937101364135742
0.890202105045318604 -0.218733474612236023 -0.399619728326797485 -0.233531415462493896 -2.448700904846191406 -0.095736928284168243 -0.947427451610565186 -0.864342749118804932 0.305312454700469971 -8.424291610717773438 -0.445392757654190063 -1.655731678009033203
0.890254497528076172 -0.218616023659706116 -0.399567276239395142 -0.233541101217269897 -2.457514286041259766 -0.095652982592582703 -0.947452127933502197 -0.864384770393371582 0.305262058973312378 -8.422463417053222656 -0.445306062698364258 -1.660045027732849121
0.890270709991455078 -0.218524634838104248 -0.399581134319305420 -0.233579024672508240 -2.459593772888183594 -0.095554634928703308 -0.947463870048522949 -0.864380359649658203 0.305256426334381104 -8.423014640808105469 -0.445294737815856934 -1.662346959114074707
0.890273928642272949 -0.218464910984039307 -0.399606585502624512 -0.233592003583908081 -2.461476325988769531 -0.095490276813507080 -0.947474479675292969 -0.864373087882995605 0.305243760347366333 -8.422387123107910156 -0.445302098989486694 -1.666072845458984375
0.890262544155120850 -0.218405663967132568 -0.399664372205734253 -0.233650788664817810 -2.463587045669555664 -0.095393709838390350 -0.947473645210266113 -0.864334762096405029 0.305276542901992798 -8.421586036682128906 -0.445345580577850342 -1.670275688171386719
0.890254259109497070 -0.218397215008735657 -0.399687379598617554 -0.233582139015197754 -2.469840526580810547 -0.095411077141761780 -0.947492480278015137 -0.864346742630004883 0.305212527513504028 -8.416373252868652344 -0.445358365774154663 -1.677582144737243652
0.890233993530273438 -0.218439266085624695 -0.399709522724151611 -0.233433499932289124 -2.474214076995849609 -0.095508232712745667 -0.947519421577453613 -0.864376783370971680 0.305098503828048706 -8.406839370727539062 -0.445378035306930542 -1.683917999267578125
0.890239596366882324 -0.218497693538665771 -0.399665087461471558 -0.233442202210426331 -2.475163698196411133 -0.095567815005779266 -0.947503805160522461 -0.864386796951293945 0.305128335952758789 -8.386690139770507812 -0.445354014635086060 -1.688066482543945312
0.890183687210083008 -0.218711733818054199 -0.399672657251358032 -0.233536764979362488 -2.469561815261840820 -0.095698237419128418 -0.947431147098541260 -0.864318013191223145 0.305313110351562500 -8.356756210327148438 -0.445437878370285034 -1.693810105323791504
0.890241324901580811 -0.218837246298789978 -0.399475485086441040 -0.233737424015998840 -2.464671850204467773 -0.095775604248046875 -0.947352647781372070 -0.864331722259521484 0.305532246828079224 -8.312201499938964844 -0.445306003093719482 -1.685977101325988770
0.890216410160064697 -0.219116970896720886 -0.399377644062042236 -0.234126314520835876 -2.446628570556640625 -0.095858260989189148 -0.947191953659057617 -0.864210009574890137 0.306004196405410767 -8.260651588439941406 -0.445338010787963867 -1.669849753379821777
0.890202105045318604 -0.219441458582878113 -0.399231374263763428 -0.234491527080535889 -2.429144144058227539 -0.096005760133266449 -0.947026491165161133 -0.864112615585327148 0.306469768285751343 -8.195355415344238281 -0.445334851741790771 -1.652343988418579102
0.890198051929473877 -0.219709560275077820 -0.399092882871627808 -0.234792426228523254 -2.408730030059814453 -0.096134081482887268 -0.946889758110046387 -0.864041030406951904 0.306851774454116821 -8.115783691406250000 -0.445315241813659668 -1.630617022514343262
0.890183508396148682 -0.220029473304748535 -0.398948997259140015 -0.235184505581855774 -2.385830640792846680 -0.096264295279979706 -0.946718156337738037 -0.863933920860290527 0.307340055704116821 -8.023569107055664062 -0.445316135883331299 -1.607716083526611328
0.890157639980316162 -0.220393896102905273 -0.398805618286132812 -0.235551714897155762 -2.360330343246459961 -0.096442870795726776 -0.946542084217071533 -0.863827109336853027 0.307826012372970581 -7.917881965637207031 -0.445329278707504272 -1.578677535057067871
0.890120625495910645 -0.220775350928306580 -0.398677200078964233 -0.235961809754371643 -2.330712556838989258 -0.096610128879547119 -0.946351051330566406 -0.863695681095123291 0.308360517024993896 -7.794111728668212891 -0.445366978645324707 -1.546205282211303711
0.890039443969726562 -0.221167132258415222 -0.398641288280487061 -0.236346602439880371 -2.292980432510375977 -0.096765667200088501 -0.946163475513458252 -0.863524198532104492 0.308886766433715820 -7.652567863464355469 -0.445495456457138062 -1.507259607315063477
0.889987885951995850 -0.221628114581108093 -0.398500353097915649 -0.236845791339874268 -2.251680374145507812 -0.096960872411727905 -0.945930778980255127 -0.863356232643127441 0.309537619352340698 -7.495549201965332031 -0.445555984973907471 -1.457342982292175293
0.889951348304748535 -0.221987381577491760 -0.398382008075714111 -0.237267434597015381 -2.203164339065551758 -0.097100526094436646 -0.945740878582000732 -0.863218426704406738 0.310073733329772949 -7.316040515899658203 -0.445598602294921875 -1.400391578674316406
0.889912188053131104 -0.222524046897888184 -0.398169964551925659 -0.237849459052085876 -2.154791355133056641 -0.097343824803829193 -0.945468485355377197 -0.863045275211334229 0.310827106237411499 -7.131710529327392578 -0.445623666048049927 -1.339928746223449707
0.889871001243591309 -0.223009109497070312 -0.397990643978118896 -0.238292708992958069 -2.102375745773315430 -0.097598366439342499 -0.945242583751678467 -0.862909257411956787 0.311433851718902588 -6.924612522125244141 -0.445650279521942139 -1.274432301521301270
0.890061795711517334 -0.222833469510078430 -0.397662222385406494 -0.237407043576240540 -2.052742004394531250 -0.097985252737998962 -0.945506811141967773 -0.863393902778625488 0.310508847236633301 -6.643575668334960938 -0.445184111595153809 -1.179709911346435547
0.889773845672607422 -0.223884657025337219 -0.397716134786605835 -0.239279881119728088 -1.983666300773620605 -0.097952060401439667 -0.944786131381988525 -0.862575948238372803 0.312705278396606445 -6.488335132598876953 -0.445766597986221313 -1.136719346046447754
0.889772474765777588 -0.223291978240013123 -0.398052275180816650 -0.237730965018272400 -1.907854795455932617 -0.098075367510318756 -0.945317268371582031 -0.863016724586486816 0.311057120561599731 -6.175781250000000000 -0.445742219686508179 -1.045355916023254395
0.889591872692108154 -0.225202724337577820 -0.397379010915756226 -0.240841388702392578 -1.869310259819030762 -0.098420985043048859 -0.944075822830200195 -0.862006843090057373 0.314696907997131348 -6.079056262969970703 -0.446026504039764404 -1.001312851905822754
0.889584422111511230 -0.225698381662368774 -0.397114396095275879 -0.241382390260696411 -1.814411044120788574 -0.098667599260807037 -0.943819224834442139 -0.861876010894775391 0.315388530492782593 -5.864293575286865234 -0.445986896753311157 -0.926538348197937012
0.889385223388671875 -0.227403834462165833 -0.396587282419204712 -0.243734598159790039 -1.771204710006713867 -0.099147006869316101 -0.942804813385009766 -0.861063063144683838 0.318259209394454956 -5.739663600921630859 -0.446277767419815063 -0.880882084369659424
0.889226198196411133 -0.228856384754180908 -0.396108031272888184 -0.245241805911064148 -1.728977680206298828 -0.099799215793609619 -0.942062199115753174 -0.860546052455902100 0.320248186588287354 -5.576048851013183594 -0.446449249982833862 -0.831385970115661621
0.887908816337585449 -0.245228692889213562 -0.389205336570739746 -0.269064515829086304 -1.897674322128295898 -0.104353338479995728 -0.931379199028015137 -0.852570235729217529 0.348773866891860962 -6.473634243011474609 -0.448027104139328003 -1.001418232917785645
0.888192117214202881 -0.244968503713607788 -0.388722568750381470 -0.267265826463699341 -1.848053216934204102 -0.105196729302406311 -0.931965351104736328 -0.853534162044525146 0.346949905157089233 -6.137628078460693359 -0.447267770767211914 -0.877317845821380615
0.888102948665618896 -0.245995432138442993 -0.388277441263198853 -0.268280297517776489 -1.797386527061462402 -0.105712883174419403 -0.931403219699859619 -0.853186845779418945 0.348299950361251831 -5.932314395904541016 -0.447323054075241089 -0.812374830245971680
0.887934446334838867 -0.247785463929176331 -0.387523919343948364 -0.271503925323486328 -1.757468938827514648 -0.105902515351772308 -0.929993569850921631 -0.852014422416687012 0.351989597082138062 -5.829528808593750000 -0.447612643241882324 -0.773990929126739502
0.887923061847686768 -0.247635066509246826 -0.387646138668060303 -0.270674884319305420 -1.683431029319763184 -0.106132015585899353 -0.930275201797485352 -0.852294802665710449 0.351175189018249512 -5.543225288391113281 -0.447580873966217041 -0.681295812129974365
0.887978255748748779 -0.247108072042465210 -0.387855857610702515 -0.269719541072845459 -1.613354086875915527 -0.106084190309047699 -0.930692732334136963 -0.852649211883544922 0.350081652402877808 -5.248992919921875000 -0.447482645511627197 -0.589439153671264648
0.887950956821441650 -0.247239276766777039 -0.387834757566452026 -0.270074546337127686 -1.550379395484924316 -0.106027513742446899 -0.930554926395416260 -0.852501332759857178 0.350464969873428345 -5.016737461090087891 -0.447550237178802490 -0.515093088150024414
0.887945950031280518 -0.247558340430259705 -0.387642621994018555 -0.270733714103698730 -1.492511272430419922 -0.106043316423892975 -0.930278539657592773 -0.852288961410522461 0.351193219423294067 -4.799573898315429688 -0.447556436061859131 -0.442940115928649902
0.887943387031555176 -0.247729167342185974 -0.387539446353912354 -0.271339654922485352 -1.433755755424499512 -0.105930119752883911 -0.930056452751159668 -0.852079451084136963 0.351814955472946167 -4.586414813995361328 -0.447588384151458740 -0.369284301996231079
0.887970030307769775 -0.248010337352752686 -0.387298494577407837 -0.272092491388320923 -1.380176782608032227 -0.105889588594436646 -0.929761528968811035 -0.851862072944641113 0.352605819702148438 -4.381353855133056641 -0.447545140981674194 -0.301439791917800903
0.887919068336486816 -0.248549520969390869 -0.387069582939147949 -0.272842288017272949 -1.323150157928466797 -0.106053210794925690 -0.929397761821746826 -0.851589500904083252 0.353514492511749268 -4.185149669647216797 -0.447607487440109253 -0.230097964406013489
0.887888193130493164 -0.249144598841667175 -0.386757671833038330 -0.273714661598205566 -1.265833735466003418 -0.106235556304454803 -0.928981840610504150 -0.851300060749053955 0.354551464319229126 -4.009567260742187500 -0.447625458240509033 -0.148637026548385620
0.887875020503997803 -0.249717280268669128 -0.386418521404266357 -0.274428397417068481 -1.223505139350891113 -0.106487140059471130 -0.928617417812347412 -0.851087868213653564 0.355429530143737793 -3.840569496154785156 -0.447591871023178101 -0.091211982071399689
0.887816488742828369 -0.250094324350357056 -0.386309087276458740 -0.275012284517288208 -1.191365838050842285 -0.106552131474018097 -0.928343176841735840 -0.850846469402313232 0.356125771999359131 -3.688128709793090820 -0.447692453861236572 -0.046495020389556885
0.887706995010375977 -0.250556260347366333 -0.386261373758316040 -0.275505661964416504 -1.169393777847290039 -0.106703862547874451 -0.928072273731231689 -0.850591599941253662 0.356785804033279419 -3.558048963546752930 -0.447873383760452271 -0.007823941297829151
0.887619376182556152 -0.250845700502395630 -0.386274933815002441 -0.275846630334854126 -1.151377558708190918 -0.106765888631343842 -0.927892804145812988 -0.850397348403930664 0.357233792543411255 -3.447451829910278320 -0.448032289743423462 0.031141659244894981
0.887486755847930908 -0.251117050647735596 -0.386403292417526245 -0.276085704565048218 -1.135204672813415527 -0.106816194951534271 -0.927748322486877441 -0.850187718868255615 0.357593894004821777 -3.355174541473388672 -0.448282897472381592 0.063072137534618378
0.887478530406951904 -0.251307278871536255 -0.386298537254333496 -0.276310831308364868 -1.123320341110229492 -0.106902047991752625 -0.927629768848419189 -0.850116729736328125 0.357875615358352661 -3.272096395492553711 -0.448278784751892090 0.088970556855201721
0.887515723705291748 -0.251524716615676880 -0.386071354150772095 -0.276493936777114868 -1.111725926399230957 -0.107079409062862396 -0.927516281604766846 -0.850118398666381836 0.358116716146469116 -3.195881366729736328 -0.448162674903869629 0.117321260273456573
0.887503325939178467 -0.251798093318939209 -0.385921657085418701 -0.276816695928573608 -1.097979068756103516 -0.107202842831611633 -0.927345812320709229 -0.850015997886657715 0.358521014451980591 -3.113564252853393555 -0.448157727718353271 0.139182686805725098
0.887518584728240967 -0.252114623785018921 -0.385679841041564941 -0.277204453945159912 -1.080329418182373047 -0.107366636395454407 -0.927143931388854980 -0.849926233291625977 0.358993738889694214 -3.018200874328613281 -0.448088288307189941 0.169000387191772461
0.887475967407226562 -0.252470374107360840 -0.385545164346694946 -0.277585685253143311 -1.057908177375793457 -0.107521668076515198 -0.926933050155639648 -0.849776864051818848 0.359491556882858276 -2.911957263946533203 -0.448135524988174438 0.200902834534645081
0.887384235858917236 -0.252915561199188232 -0.385464578866958618 -0.278076827526092529 -1.024616718292236328 -0.107673019170761108 -0.926664471626281738 -0.849539577960968018 0.360138207674026489 -2.796032190322875977 -0.448280870914459229 0.244839355349540710
0.887324154376983643 -0.253420531749725342 -0.385271161794662476 -0.278732776641845703 -0.985465943813323975 -0.107837989926338196 -0.926329374313354492 -0.849282801151275635 0.360949993133544922 -2.667975425720214844 -0.448360115289688110 0.294344067573547363
0.887301027774810791 -0.253978043794631958 -0.384957134723663330 -0.279441177845001221 -0.940282642841339111 -0.108068473637104034 -0.925963163375854492 -0.849055111408233643 0.361819595098495483 -2.528096437454223633 -0.448350369930267334 0.354073554277420044
0.887261033058166504 -0.254585772752761841 -0.384647786617279053 -0.280305773019790649 -0.889394044876098633 -0.108261413872241974 -0.925534844398498535 -0.848752856254577637 0.362856328487396240 -2.379786491394042969 -0.448382973670959473 0.415950268507003784
0.887194991111755371 -0.255163967609405518 -0.384416878223419189 -0.281064748764038086 -0.838022232055664062 -0.108449563384056091 -0.925145387649536133 -0.848456799983978271 0.363792151212692261 -2.220100641250610352 -0.448468148708343506 0.473126292228698730
0.887148141860961914 -0.255705028772354126 -0.384165495634078979 -0.281713813543319702 -0.788832724094390869 -0.108669549226760864 -0.924798488616943359 -0.848220586776733398 0.364607542753219604 -2.047289848327636719 -0.448507666587829590 0.527623057365417480
0.887092530727386475 -0.256316334009170532 -0.383886367082595825 -0.282413244247436523 -0.735090613365173340 -0.108932316303253174 -0.924415886402130127 -0.847963571548461914 0.365498363971710205 -1.861902952194213867 -0.448553830385208130 0.585968911647796631
0.887035846710205078 -0.257039248943328857 -0.383533805608749390 -0.283361524343490601 -0.675367355346679688 -0.109193250536918640 -0.923924803733825684 -0.847621381282806396 0.366660267114639282 -1.670151472091674805 -0.448602497577667236 0.653484821319580078
0.886982560157775879 -0.257671892642974854 -0.383232414722442627 -0.284347563982009888 -0.610058546066284180 -0.109342500567436218 -0.923445522785186768 -0.847254633903503418 0.367821365594863892 -1.459267258644104004 -0.448671489953994751 0.727363288402557373
0.886890888214111328 -0.258510172367095947 -0.382879912853240967 -0.285433232784271240 -0.543209016323089600 -0.109627582132816315 -0.922876119613647461 -0.846830308437347412 0.369163125753402710 -1.243604540824890137 -0.448783159255981445 0.805878043174743652
0.886803507804870605 -0.259371489286422729 -0.382499635219573975 -0.286529660224914551 -0.471010684967041016 -0.109936721622943878 -0.922294497489929199 -0.846408486366271973 0.370522230863571167 -1.016068339347839355 -0.448880225419998169 0.887283802032470703
0.886754691600799561 -0.260163307189941406 -0.382074862718582153 -0.287606030702590942 -0.397287368774414062 -0.110218621790409088 -0.921736299991607666 -0.846028804779052734 0.371825277805328369 -0.776049494743347168 -0.448907583951950073 0.973299860954284668
0.886681020259857178 -0.261080473661422729 -0.381619900465011597 -0.288777142763137817 -0.320288479328155518 -0.110566012561321259 -0.921110630035400391 -0.845597922801971436 0.373269885778427124 -0.528654038906097412 -0.448967605829238892 1.061282038688659668
0.886634886264801025 -0.261868923902511597 -0.381186604499816895 -0.289968848228454590 -0.239765718579292297 -0.110791824758052826 -0.920512199401855469 -0.845171213150024414 0.374676436185836792 -0.266675323247909546 -0.449003040790557861 1.151348590850830078
0.886578381061553955 -0.262802332639694214 -0.380675256252288818 -0.291230767965316772 -0.158773124217987061 -0.111130684614181519 -0.919847607612609863 -0.844722390174865723 0.376205265522003174 0.003572160610929132 -0.449030846357345581 1.247134685516357422
0.886499643325805664 -0.263781666755676270 -0.380180954933166504 -0.292569279670715332 -0.072872027754783630 -0.111460648477077484 -0.919142246246337891 -0.844220578670501709 0.377828121185302734 0.281549394130706787 -0.449104517698287964 1.350017309188842773
0.886422872543334961 -0.264782488346099854 -0.379664003849029541 -0.293957591056823730 0.018732205033302307 -0.111792236566543579 -0.918411195278167725 -0.843701303005218506 0.379504054784774780 0.566809713840484619 -0.449173718690872192 1.457543015480041504
0.886352419853210449 -0.265680223703384399 -0.379201054573059082 -0.295373171567916870 0.112061031162738800 -0.112005397677421570 -0.917697489261627197 -0.843160986900329590 0.381164133548736572 0.861550569534301758 -0.449259638786315918 1.563902139663696289
0.886267244815826416 -0.266648352146148682 -0.378720253705978394 -0.296661853790283203 0.208646550774574280 -0.112343065440654755 -0.917000770568847656 -0.842663824558258057 0.382738322019577026 1.167821168899536133 -0.449343323707580566 1.673718690872192383
0.886191964149475098 -0.267614752054214478 -0.378214418888092041 -0.297967106103897095 0.306608915328979492 -0.112681433558464050 -0.916295766830444336 -0.842169165611267090 0.384324014186859131 1.480743885040283203 -0.449407041072845459 1.785507440567016602
0.886080443859100342 -0.268663525581359863 -0.377731889486312866 -0.299373686313629150 0.411121279001235962 -0.113023869693279266 -0.915530085563659668 -0.841598689556121826 0.386044412851333618 1.798767924308776855 -0.449540942907333374 1.902055025100708008
0.885993242263793945 -0.269685924053192139 -0.377207547426223755 -0.300835430622100830 0.514054834842681885 -0.113335840404033661 -0.914749979972839355 -0.841027379035949707 0.387798190116882324 2.125153064727783203 -0.449634313583374023 2.019862890243530273
0.885916888713836670 -0.270705401897430420 -0.376656204462051392 -0.302279978990554810 0.620703995227813721 -0.113665014505386353 -0.913972318172454834 -0.840473234653472900 0.389531612396240234 2.458869457244873047 -0.449701637029647827 2.143522739410400391
0.885800719261169434 -0.271809041500091553 -0.376134216785430908 -0.303783357143402100 0.728891372680664062 -0.114017218351364136 -0.913145959377288818 -0.839856207370758057 0.391362428665161133 2.797314167022705078 -0.449841290712356567 2.267779588699340820
0.885699272155761719 -0.272787809371948242 -0.375664234161376953 -0.305210590362548828 0.842378079891204834 -0.114285387098789215 -0.912377834320068359 -0.839268028736114502 0.393071949481964111 3.143468141555786133 -0.449972957372665405 2.396986007690429688
0.885590851306915283 -0.273923814296722412 -0.375092834234237671 -0.306782901287078857 0.953322887420654297 -0.114648558199405670 -0.911509752273559570 -0.838629603385925293 0.394975602626800537 3.491511583328247070 -0.450093984603881836 2.524990320205688477
0.885522186756134033 -0.274975150823593140 -0.374485164880752563 -0.308342337608337402 1.067539930343627930 -0.114967435598373413 -0.910666584968566895 -0.838028669357299805 0.396823406219482422 3.846076965332031250 -0.450147718191146851 2.657420635223388672
0.885426938533782959 -0.276030451059341431 -0.373933613300323486 -0.309922218322753906 1.186238288879394531 -0.115253202617168427 -0.909810662269592285 -0.837384223937988281 0.398699492216110229 4.204054832458496094 -0.450261980295181274 2.795074939727783203
0.885312497615814209 -0.277157545089721680 -0.373370409011840820 -0.311434328556060791 1.308060526847839355 -0.115632392466068268 -0.908951222896575928 -0.836754322052001953 0.400545626878738403 4.570483684539794922 -0.450389713048934937 2.935996055603027344
0.885192453861236572 -0.278287529945373535 -0.372814178466796875 -0.313101172447204590 1.431832551956176758 -0.115932747721672058 -0.908032894134521484 -0.836046457290649414 0.402536809444427490 4.934711456298828125 -0.450548529624938965 3.078885555267333984
0.885109364986419678 -0.279376745223999023 -0.372196257114410400 -0.314736545085906982 1.556884765625000000 -0.116244062781333923 -0.907132625579833984 -0.835387468338012695 0.404472202062606812 5.305931568145751953 -0.450631469488143921 3.224737167358398438
0.885041475296020508 -0.280448257923126221 -0.371551334857940674 -0.316401571035385132 1.681653261184692383 -0.116538383066654205 -0.906222283840179443 -0.834727287292480469 0.406423389911651611 5.682399749755859375 -0.450688809156417847 3.370923280715942383
0.884958386421203613 -0.281575292348861694 -0.370896160602569580 -0.318018257617950439 1.809381961822509766 -0.116903327405452728 -0.905306458473205566 -0.834075629711151123 0.408355057239532471 6.061703205108642578 -0.450757384300231934 3.520281076431274414
0.884881556034088135 -0.282640784978866577 -0.370268613100051880 -0.319658994674682617 1.939171314239501953 -0.117195278406143188 -0.904396116733551025 -0.833407580852508545 0.410283982753753662 6.447360038757324219 -0.450832486152648926 3.672212600708007812
0.884788453578948975 -0.283793061971664429 -0.369609117507934570 -0.321334630250930786 2.070473909378051758 -0.117550268769264221 -0.903440952301025391 -0.832714080810546875 0.412281930446624756 6.834867000579833984 -0.450922757387161255 3.829581975936889648
0.884698212146759033 -0.284842461347579956 -0.369017362594604492 -0.323000937700271606 2.205969810485839844 -0.117798328399658203 -0.902516007423400879 -0.832008302211761475 0.414232254028320312 7.227140903472900391 -0.451035022735595703 3.989849328994750977
0.884609997272491455 -0.286029517650604248 -0.368309944868087769 -0.324680715799331665 2.340143680572509766 -0.118198089301586151 -0.901537299156188965 -0.831317067146301270 0.416244715452194214 7.620173931121826172 -0.451103448867797852 4.150871276855468750
0.884527802467346191 -0.287209987640380859 -0.367588132619857788 -0.326378107070922852 2.473869085311889648 -0.118589758872985840 -0.900548577308654785 -0.830620408058166504 0.418268710374832153 8.018234252929687500 -0.451161921024322510 4.308276176452636719
0.884425282478332520 -0.288337260484695435 -0.366951674222946167 -0.328127145767211914 2.609367132186889648 -0.118873432278633118 -0.899552226066589355 -0.829862356185913086 0.420327126979827881 8.421979904174804688 -0.451288163661956787 4.462243080139160156
0.884324491024017334 -0.289595484733581543 -0.366202950477600098 -0.329953700304031372 2.744551658630371094 -0.119269922375679016 -0.898479282855987549 -0.829087257385253906 0.422504067420959473 8.824865341186523438 -0.451381027698516846 4.623866558074951172
0.884146749973297119 -0.290945559740066528 -0.365561515092849731 -0.331676810979843140 2.886396169662475586 -0.119735196232795715 -0.897408008575439453 -0.828276813030242920 0.424643725156784058 9.229872703552246094 -0.451606035232543945 4.793473243713378906
0.884012877941131592 -0.292147338390350342 -0.364926218986511230 -0.333347886800765991 3.027458429336547852 -0.120109483599662781 -0.896397888660430908 -0.827516913414001465 0.426666826009750366 9.637329101562500000 -0.451768666505813599 4.965103149414062500
0.883930146694183350 -0.293235778808593750 -0.364252984523773193 -0.335121959447860718 3.164659500122070312 -0.120363056659698486 -0.895380377769470215 -0.826748490333557129 0.428726822137832642 10.043789863586425781 -0.451863020658493042 5.132677555084228516
0.883827090263366699 -0.294379472732543945 -0.363580018281936646 -0.336901485919952393 3.307111263275146484 -0.120654173195362091 -0.894336700439453125 -0.825957119464874268 0.430818349123001099 10.449390411376953125 -0.451987028121948242 5.305892467498779297
0.883668661117553711 -0.295691311359405518 -0.362899899482727051 -0.338624507188796997 3.453780651092529297 -0.121102340519428253 -0.893252551555633545 -0.825148165225982666 0.432936638593673706 10.852672576904296875 -0.452176839113235474 5.485293388366699219
0.883556783199310303 -0.296735197305679321 -0.362319707870483398 -0.340110987424850464 3.602174758911132812 -0.121418349444866180 -0.892341136932373047 -0.824463188648223877 0.434723883867263794 11.264104843139648438 -0.452310681343078613 5.669305801391601562
0.883487582206726074 -0.297587186098098755 -0.361789405345916748 -0.341466158628463745 3.754121303558349609 -0.121631354093551636 -0.891539514064788818 -0.823860049247741699 0.436306178569793701 11.684220314025878906 -0.452388703823089600 5.858702659606933594
0.883537352085113525 -0.296942681074142456 -0.362197130918502808 -0.340384215116500854 3.941148281097412109 -0.121495835483074188 -0.892167925834655762 -0.824340999126434326 0.435057610273361206 12.213670730590820312 -0.452327847480773926 6.086611747741699219
0.882947385311126709 -0.303336441516876221 -0.358316838741302490 -0.350468397140502930 3.950553417205810547 -0.123067148029804230 -0.886091947555541992 -0.819703280925750732 0.446873128414154053 12.206888198852539062 -0.453054577112197876 6.099855422973632812
0.883005559444427490 -0.302450209856033325 -0.358922004699707031 -0.349191874265670776 4.150314331054687500 -0.122756369411945343 -0.886898458003997803 -0.820263981819152832 0.445356011390686035 12.734470367431640625 -0.453025400638580322 6.337688446044921875
0.882877647876739502 -0.303306668996810913 -0.358513802289962769 -0.350171804428100586 4.307196617126464844 -0.123097077012062073 -0.886219382286071777 -0.819759428501129150 0.446612060070037842 13.146767616271972656 -0.453182280063629150 6.527930736541748047
0.882739782333374023 -0.304389327764511108 -0.357935190200805664 -0.351400762796401978 4.454262256622314453 -0.123563341796398163 -0.885361313819885254 -0.819155037403106689 0.448182404041290283 13.536922454833984375 -0.453323900699615479 6.712302684783935547
0.882596909999847412 -0.305545896291732788 -0.357301533222198486 -0.352793872356414795 4.599108695983886719 -0.124026983976364136 -0.884408414363861084 -0.818472027778625488 0.449932336807250977 13.906098365783691406 -0.453475445508956909 6.899981498718261719
0.882493555545806885 -0.306654959917068481 -0.356606096029281616 -0.354154914617538452 4.736732006072998047 -0.124502331018447876 -0.883480072021484375 -0.817844688892364502 0.451621651649475098 14.250260353088378906 -0.453546404838562012 7.084179878234863281
0.882364690303802490 -0.307736068964004517 -0.355993092060089111 -0.355391949415206909 4.857913970947265625 -0.124977536499500275 -0.882606983184814453 -0.817241311073303223 0.453194826841354370 14.576642036437988281 -0.453666388988494873 7.249714374542236328
0.882227838039398193 -0.308659613132476807 -0.355532467365264893 -0.356472104787826538 4.967782974243164062 -0.125338166952133179 -0.881848573684692383 -0.816678166389465332 0.454569518566131592 14.888866424560546875 -0.453833043575286865 7.397727966308593750
0.882124602794647217 -0.309545218944549561 -0.355018258094787598 -0.357602536678314209 5.060210704803466797 -0.125671684741973877 -0.881080150604248047 -0.816123485565185547 0.455965399742126465 15.174613952636718750 -0.453941434621810913 7.533905506134033203
0.882011771202087402 -0.310298383235931396 -0.354640871286392212 -0.358518391847610474 5.144568443298339844 -0.125947147607803345 -0.880442798137664795 -0.815642058849334717 0.457119047641754150 15.444113731384277344 -0.454084306955337524 7.657919883728027344
0.881929099559783936 -0.311020135879516602 -0.354213953018188477 -0.359420567750930786 5.212767601013183594 -0.126231670379638672 -0.879820048809051514 -0.815199494361877441 0.458238184452056885 15.691014289855957031 -0.454165846109390259 7.771818161010742188
0.881794095039367676 -0.311772823333740234 -0.353888243436813354 -0.360335618257522583 5.272494792938232422 -0.126478940248489380 -0.879179120063781738 -0.814687669277191162 0.459398657083511353 15.910762786865234375 -0.454359173774719238 7.873612880706787109
0.881683945655822754 -0.312494963407516479 -0.353525578975677490 -0.361132562160491943 5.320214271545410156 -0.126783415675163269 -0.878595590591430664 -0.814262807369232178 0.460429996252059937 16.108106613159179688 -0.454488068819046021 7.963814258575439453
0.881582498550415039 -0.313051015138626099 -0.353286445140838623 -0.361759513616561890 5.357627868652343750 -0.126989588141441345 -0.878139555454254150 -0.813906729221343994 0.461242377758026123 16.289228439331054688 -0.454627186059951782 8.044657707214355469
0.881472885608673096 -0.313593924045562744 -0.353078484535217285 -0.362392842769622803 5.384394645690917969 -0.127166122198104858 -0.877684593200683594 -0.813533723354339600 0.462058991193771362 16.439794540405273438 -0.454790443181991577 8.118328094482421875
0.881378293037414551 -0.314016759395599365 -0.352938711643218994 -0.362952053546905518 5.402915000915527344 -0.127257391810417175 -0.877302289009094238 -0.813196182250976562 0.462759405374526978 16.571504592895507812 -0.454948157072067261 8.183989524841308594
0.881240129470825195 -0.314456373453140259 -0.352892398834228516 -0.363429069519042969 5.416528701782226562 -0.127354010939598083 -0.876947283744812012 -0.812848389148712158 0.463405281305313110 16.679437637329101562 -0.455188781023025513 8.241719245910644531
0.881145060062408447 -0.314732849597930908 -0.352883249521255493 -0.363732486963272095 5.425143241882324219 -0.127402216196060181 -0.876722276210784912 -0.812617123126983643 0.463817596435546875 16.771680831909179688 -0.455359250307083130 8.293553352355957031
0.881074249744415283 -0.314966320991516113 -0.352851718664169312 -0.364006549119949341 5.427692413330078125 -0.127446010708808899 -0.876524627208709717 -0.812424540519714355 0.464178919792175293 16.846469879150390625 -0.455483943223953247 8.336543083190917969
0.881016075611114502 -0.315165102481842041 -0.352819532155990601 -0.364198476076126099 5.425410270690917969 -0.127507552504539490 -0.876373469829559326 -0.812285065650939941 0.464447408914566040 16.904138565063476562 -0.455579280853271484 8.372504234313964844
0.880961418151855469 -0.315315514802932739 -0.352821677923202515 -0.364336699247360229 5.420540332794189453 -0.127543717622756958 -0.876261889934539795 -0.812169432640075684 0.464647918939590454 16.947015762329101562 -0.455674886703491211 8.397212028503417969
0.880850911140441895 -0.315479636192321777 -0.352950811386108398 -0.364457547664642334 5.419003486633300781 -0.127531826496124268 -0.876152575016021729 -0.811993479728698730 0.464857339859008789 16.979139328002929688 -0.455891788005828857 8.409024238586425781
0.880957722663879395 -0.315600037574768066 -0.352576345205307007 -0.364564210176467896 5.400742530822753906 -0.127761304378509521 -0.876064836978912354 -0.812097549438476562 0.464959681034088135 17.001382827758789062 -0.455621004104614258 8.422630310058593750
0.880934834480285645 -0.315632343292236328 -0.352604687213897705 -0.364542275667190552 5.404806137084960938 -0.127781182527542114 -0.876062273979187012 -0.812085688114166260 0.464958935976028442 17.018646240234375000 -0.455659747123718262 8.431158065795898438
0.880950093269348145 -0.315597862005233765 -0.352597415447235107 -0.364486604928970337 5.409340381622314453 -0.127788975834846497 -0.876097857952117920 -0.812128424644470215 0.464889764785766602 17.034004211425781250 -0.455628067255020142 8.440052032470703125
0.880983471870422363 -0.315443217754364014 -0.352652370929718018 -0.364345312118530273 5.412314891815185547 -0.127721220254898071 -0.876212358474731445 -0.812217414379119873 0.464692592620849609 17.049547195434570312 -0.455582499504089355 8.446390151977539062
0.881019353866577148 -0.315298587083816528 -0.352692127227783203 -0.364207953214645386 5.414317131042480469 -0.127666711807250977 -0.876321494579315186 -0.812309324741363525 0.464501708745956421 17.064693450927734375 -0.455528408288955688 8.451595306396484375
0.881067156791687012 -0.315095752477645874 -0.352753967046737671 -0.364047527313232422 5.416164398193359375 -0.127570226788520813 -0.876461088657379150 -0.812417924404144287 0.464264750480651855 17.078893661499023438 -0.455462992191314697 8.456163406372070312
0.881080746650695801 -0.314948499202728271 -0.352851450443267822 -0.363842517137527466 5.418030261993408203 -0.127518475055694580 -0.876599133014678955 -0.812516391277313232 0.464018285274505615 17.093204498291015625 -0.455451130867004395 8.460589408874511719
0.881121039390563965 -0.314728528261184692 -0.352947145700454712 -0.363640815019607544 5.417373657226562500 -0.127413064241409302 -0.876761853694915771 -0.812633812427520752 0.463739782571792603 17.109436035156250000 -0.455402731895446777 8.461089134216308594
0.881084799766540527 -0.314729362726211548 -0.353036820888519287 -0.363462507724761963 5.415988445281982422 -0.127459093928337097 -0.876835465431213379 -0.812681555747985840 0.463587909936904907 17.126174926757812500 -0.455459922552108765 8.460276603698730469
0.881043553352355957 -0.314858585596084595 -0.353024542331695557 -0.363440275192260742 5.416451930999755859 -0.127570986747741699 -0.876798272132873535 -0.812664270401000977 0.463627427816390991 17.140401840209960938 -0.455508410930633545 8.462077140808105469
0.881044089794158936 -0.314857095479965210 -0.353024601936340332 -0.363250374794006348 5.420247554779052734 -0.127668514847755432 -0.876877486705780029 -0.812765061855316162 0.463450729846954346 17.170139312744140625 -0.455480098724365234 8.467076301574707031
0.881075203418731689 -0.314869731664657593 -0.352935642004013062 -0.363144785165786743 5.423373699188232422 -0.127779334783554077 -0.876916706562042236 -0.812863409519195557 0.463346004486083984 17.211383819580078125 -0.455388784408569336 8.473358154296875000
0.881029725074768066 -0.315091133117675781 -0.352851539850234985 -0.363190799951553345 5.433191299438476562 -0.127960592508316040 -0.876818120479583740 -0.812822103500366211 0.463482528924942017 17.259883880615234375 -0.455425858497619629 8.485402107238769531
0.880982697010040283 -0.315284341573715210 -0.352796345949172974 -0.363313466310501099 5.453095436096191406 -0.128066301345825195 -0.876697838306427002 -0.812732934951782227 0.463680803775787354 17.327764511108398438 -0.455487102270126343 8.505519866943359375
0.880947828292846680 -0.315515398979187012 -0.352676779031753540 -0.363580137491226196 5.478717327117919922 -0.128158524632453918 -0.876504123210906982 -0.812590420246124268 0.464021414518356323 17.407258987426757812 -0.455528557300567627 8.536602973937988281
0.880891680717468262 -0.315843850374221802 -0.352522999048233032 -0.363894045352935791 5.507488250732421875 -0.128314852714538574 -0.876255571842193604 -0.812413692474365234 0.464447528123855591 17.498245239257812500 -0.455593138933181763 8.573726654052734375
0.880831122398376465 -0.316180467605590820 -0.352372646331787109 -0.364181935787200928 5.537042140960693359 -0.128488704562187195 -0.876014530658721924 -0.812246441841125488 0.464854001998901367 17.606760025024414062 -0.455661296844482422 8.613018989562988281
0.880754649639129639 -0.316555649042129517 -0.352226912975311279 -0.364443838596343994 5.573465824127197266 -0.128701508045196533 -0.875770032405853271 -0.812079727649688721 0.465255558490753174 17.733169555664062500 -0.455749064683914185 8.656286239624023438
0.880670726299285889 -0.316935181617736816 -0.352095425128936768 -0.364867597818374634 5.621043682098388672 -0.128825485706329346 -0.875456333160400391 -0.811818063259124756 0.465811401605606079 17.869178771972656250 -0.455876171588897705 8.709118843078613281
0.880581617355346680 -0.317410230636596680 -0.351890265941619873 -0.365394741296768188 5.672045707702636719 -0.129003539681434631 -0.875064253807067871 -0.811512529850006104 0.466498315334320068 18.014629364013671875 -0.455997914075851440 8.769618034362792969
0.880511820316314697 -0.317878663539886475 -0.351641923189163208 -0.365898936986923218 5.727205753326416016 -0.129211321473121643 -0.874683439731597900 -0.811242640018463135 0.467154502868652344 18.175430297851562500 -0.456073820590972900 8.834651947021484375
0.880422830581665039 -0.318382233381271362 -0.351409226655960083 -0.366445422172546387 5.787020206451416016 -0.129413917660713196 -0.874271392822265625 -0.810931563377380371 0.467869162559509277 18.349536895751953125 -0.456188261508941650 8.902562141418457031
0.880310237407684326 -0.318964540958404541 -0.351163119077682495 -0.367033690214157104 5.852911949157714844 -0.129658326506614685 -0.873812258243560791 -0.810582280158996582 0.468658536672592163 18.532867431640625000 -0.456336110830307007 8.979022979736328125
0.880184710025787354 -0.319632023572921753 -0.350870698690414429 -0.367662370204925537 5.923219203948974609 -0.129967257380485535 -0.873303949832916260 -0.810210466384887695 0.469519734382629395 18.726425170898437500 -0.456490278244018555 9.058171272277832031
0.880063652992248535 -0.320274055004119873 -0.350588738918304443 -0.368342608213424683 5.999283790588378906 -0.130224764347076416 -0.872781932353973389 -0.809811294078826904 0.470418155193328857 18.931238174438476562 -0.456650227308273315 9.142799377441406250
0.879960417747497559 -0.320950716733932495 -0.350228935480117798 -0.369061350822448730 6.077513217926025391 -0.130528151988983154 -0.872229516506195068 -0.809420585632324219 0.471357643604278564 19.146869659423828125 -0.456762611865997314 9.233839035034179688
0.879841268062591553 -0.321625769138336182 -0.349908888339996338 -0.369745492935180664 6.163428783416748047 -0.130826666951179504 -0.871690988540649414 -0.809026896953582764 0.472270309925079346 19.376499176025390625 -0.456906706094741821 9.332349777221679688
0.879687607288360596 -0.322451472282409668 -0.349535077810287476 -0.370619297027587891 6.254004478454589844 -0.131162121891975403 -0.871014595031738281 -0.808514118194580078 0.473423808813095093 19.607269287109375000 -0.457106351852416992 9.435015678405761719
0.879578292369842529 -0.323237866163253784 -0.349083453416824341 -0.371509313583374023 6.348830699920654297 -0.131501972675323486 -0.870343685150146484 -0.808041870594024658 0.474562019109725952 19.849987030029296875 -0.457219004631042480 9.545425415039062500
0.879443883895874023 -0.323981344699859619 -0.348732739686965942 -0.372405827045440674 6.448222160339355469 -0.131752431392669678 -0.869683861732482910 -0.807523488998413086 0.475700885057449341 20.101131439208984375 -0.457405447959899902 9.659612655639648438
0.879317164421081543 -0.324783176183700562 -0.348306208848953247 -0.373258531093597412 6.551706314086914062 -0.132107913494110107 -0.869018971920013428 -0.807049691677093506 0.476816058158874512 20.357587814331054688 -0.457546532154083252 9.777972221374511719
0.879155158996582031 -0.325690388679504395 -0.347867786884307861 -0.374151408672332764 6.656350612640380859 -0.132523089647293091 -0.868295192718505859 -0.806527674198150635 0.478017926216125488 20.618347167968750000 -0.457737773656845093 9.896040916442871094
0.879028022289276123 -0.326494932174682617 -0.347434520721435547 -0.375024139881134033 6.764513969421386719 -0.132871985435485840 -0.867616236209869385 -0.806041061878204346 0.479152470827102661 20.888267517089843750 -0.457880675792694092 10.019821166992187500
0.878881514072418213 -0.327360868453979492 -0.346990168094635010 -0.375830650329589844 6.877089500427246094 -0.133304819464683533 -0.866940677165985107 -0.805576920509338379 0.480253726243972778 21.164926528930664062 -0.458036184310913086 10.147956848144531250
0.878749370574951172 -0.328196823596954346 -0.346534818410873413 -0.376726835966110229 6.992632865905761719 -0.133674174547195435 -0.866235375404357910 -0.805075228214263916 0.481422334909439087 21.446773529052734375 -0.458182007074356079 10.279895782470703125
0.878606736660003662 -0.329119473695755005 -0.346021115779876709 -0.377685308456420898 7.112419605255126953 -0.134103238582611084 -0.865467607975006104 -0.804541647434234619 0.482682228088378906 21.730941772460937500 -0.458330184221267700 10.416937828063964844
0.878439009189605713 -0.329987406730651855 -0.345620065927505493 -0.378575623035430908 7.236502647399902344 -0.134466722607612610 -0.864747822284698486 -0.804000556468963623 0.483869701623916626 22.021942138671875000 -0.458545118570327759 10.556622505187988281
0.878284454345703125 -0.330881893634796143 -0.345157325267791748 -0.379464358091354370 7.360171318054199219 -0.134882837533950806 -0.864016175270080566 -0.803482294082641602 0.485059440135955811 22.315816879272460938 -0.458718925714492798 10.699079513549804688
0.878132164478302002 -0.331693410873413086 -0.344765603542327881 -0.380337446928024292 7.486930847167968750 -0.135208472609519958 -0.863320887088775635 -0.802957594394683838 0.486205488443374634 22.617940902709960938 -0.458914488554000854 10.842778205871582031
0.877973377704620361 -0.332583963871002197 -0.344311922788619995 -0.381260961294174194 7.615181922912597656 -0.135596379637718201 -0.862570583820343018 -0.802411139011383057 0.487427562475204468 22.922416687011718750 -0.459103941917419434 10.988244056701660156
0.877793192863464355 -0.333580762147903442 -0.343806535005569458 -0.382310241460800171 7.746579170227050781 -0.136019706726074219 -0.861720800399780273 -0.801786243915557861 0.488810688257217407 23.228355407714843750 -0.459323078393936157 11.138677597045898438
0.877630829811096191 -0.334575533866882324 -0.343254029750823975 -0.383299648761749268 7.882239341735839844 -0.136498555541038513 -0.860895216464996338 -0.801217257976531982 0.490130126476287842 23.537820816040039062 -0.459491312503814697 11.297530174255371094
0.877456903457641602 -0.335513621568679810 -0.342782706022262573 -0.384273946285247803 8.020026206970214844 -0.136899203062057495 -0.860095441341400146 -0.800628244876861572 0.491420865058898926 23.851675033569335938 -0.459704220294952393 11.456726074218750000
0.877327680587768555 -0.336420834064483643 -0.342223823070526123 -0.385305941104888916 8.156577110290527344 -0.137295410037040710 -0.859278976917266846 -0.800058245658874512 0.492736876010894775 24.166040420532226562 -0.459832698106765747 11.617157936096191406
0.877165615558624268 -0.337379038333892822 -0.341695547103881836 -0.386255472898483276 8.295633316040039062 -0.137753173708915710 -0.858476638793945312 -0.799501240253448486 0.494006037712097168 24.487031936645507812 -0.460004925727844238 11.780406951904296875
0.877010762691497803 -0.338325947523117065 -0.341156423091888428 -0.387255787849426270 8.436597824096679688 -0.138180911540985107 -0.857652902603149414 -0.798920989036560059 0.495315581560134888 24.808477401733398438 -0.460171908140182495 11.948799133300781250
0.876871287822723389 -0.339323878288269043 -0.340523123741149902 -0.388285636901855469 8.578738212585449219 -0.138680502772331238 -0.856792628765106201 -0.798354446887969971 0.496663004159927368 25.130468368530273438 -0.460287332534790039 12.121358871459960938
0.876749694347381592 -0.340259194374084473 -0.339902341365814209 -0.389238983392715454 8.722040176391601562 -0.139169707894325256 -0.855988740921020508 -0.797841668128967285 0.497910708189010620 25.455707550048828125 -0.460371285676956177 12.298333168029785156
